 ***** CVCT5403 MI METHOD TEST PROGRAM *****
 +++ TEST NO. 1 +++
    1.000    2.000    3.000    4.000    5.000    6.000    7.000    8.000    9.000   10.000
    2.000    2.000    2.000    2.000    2.000    2.000    2.000    2.000    2.000    2.000
   13.000   23.000   33.000   43.000   53.000   63.000   73.000   83.000   93.000  103.000
   12.000   12.000   12.000   12.000   12.000   12.000   12.000   12.000   12.000   12.000
   13.000   13.000   13.000   13.000   13.000   13.000   13.000   13.000   13.000   13.000
    7.000    9.000   11.000   13.000   15.000   17.000   19.000   21.000   23.000   25.000
    8.000   11.000   14.000   17.000   20.000   23.000   26.000   29.000   32.000   35.000
    9.000   13.000   17.000   21.000   25.000   29.000   33.000   37.000   41.000   45.000
   10.000   15.000   20.000   25.000   30.000   35.000   40.000   45.000   50.000   55.000
   11.000   17.000   23.000   29.000   35.000   41.000   47.000   53.000   59.000   65.000
   12.000   19.000   26.000   33.000   40.000   47.000   54.000   61.000   68.000   75.000
   13.000   21.000   29.000   37.000   45.000   53.000   61.000   69.000   77.000   85.000
   14.000   23.000   32.000   41.000   50.000   59.000   68.000   77.000   86.000   95.000
   15.000   25.000   35.000   45.000   55.000   65.000   75.000   85.000   95.000  105.000
   16.000   27.000   38.000   49.000   60.000   71.000   82.000   93.000  104.000  115.000
    4.000    8.000   10.000   12.000   14.000   16.000   18.000   20.000   22.000   24.000
    8.000   11.000   14.000   17.000   20.000   23.000   26.000   29.000   32.000   35.000
    9.000   13.000   17.000   21.000   25.000   29.000   33.000   37.000   41.000   45.000
   10.000   15.000   20.000   25.000   30.000   35.000   40.000   45.000   50.000   55.000
   11.000   17.000   23.000   29.000   35.000   41.000   47.000   53.000   59.000   65.000
   12.000   19.000   26.000   33.000   40.000   47.000   54.000   61.000   68.000   75.000
   13.000   21.000   29.000   37.000   45.000   53.000   61.000   69.000   77.000   85.000
   14.000   23.000   32.000   41.000   50.000   59.000   68.000   77.000   86.000   95.000
   15.000   25.000   35.000   45.000   55.000   65.000   75.000   85.000   95.000  105.000
   16.000   27.000   38.000   49.000   60.000   71.000   82.000   93.000  104.000  115.000
    4.000    8.000   10.000   12.000   14.000   16.000   18.000   20.000   22.000   24.000
    5.000   10.000   13.000   16.000   19.000   22.000   25.000   28.000   31.000   34.000
    9.000   13.000   17.000   21.000   25.000   29.000   33.000   37.000   41.000   45.000
   10.000   15.000   20.000   25.000   30.000   35.000   40.000   45.000   50.000   55.000
   11.000   17.000   23.000   29.000   35.000   41.000   47.000   53.000   59.000   65.000
   12.000   19.000   26.000   33.000   40.000   47.000   54.000   61.000   68.000   75.000
   13.000   21.000   29.000   37.000   45.000   53.000   61.000   69.000   77.000   85.000
   14.000   23.000   32.000   41.000   50.000   59.000   68.000   77.000   86.000   95.000
   15.000   25.000   35.000   45.000   55.000   65.000   75.000   85.000   95.000  105.000
   16.000   27.000   38.000   49.000   60.000   71.000   82.000   93.000  104.000  115.000
    4.000    8.000   10.000   12.000   14.000   16.000   18.000   20.000   22.000   24.000
    5.000   10.000   13.000   16.000   19.000   22.000   25.000   28.000   31.000   34.000
    6.000   12.000   16.000   20.000   24.000   28.000   32.000   36.000   40.000   44.000
   10.000   15.000   20.000   25.000   30.000   35.000   40.000   45.000   50.000   55.000
   11.000   17.000   23.000   29.000   35.000   41.000   47.000   53.000   59.000   65.000
   12.000   19.000   26.000   33.000   40.000   47.000   54.000   61.000   68.000   75.000
   13.000   21.000   29.000   37.000   45.000   53.000   61.000   69.000   77.000   85.000
   14.000   23.000   32.000   41.000   50.000   59.000   68.000   77.000   86.000   95.000
   15.000   25.000   35.000   45.000   55.000   65.000   75.000   85.000   95.000  105.000
   16.000   27.000   38.000   49.000   60.000   71.000   82.000   93.000  104.000  115.000
    4.000    8.000   10.000   12.000   14.000   16.000   18.000   20.000   22.000   24.000
    5.000   10.000   13.000   16.000   19.000   22.000   25.000   28.000   31.000   34.000
    6.000   12.000   16.000   20.000   24.000   28.000   32.000   36.000   40.000   44.000
    7.000   14.000   19.000   24.000   29.000   34.000   39.000   44.000   49.000   54.000
   11.000   17.000   23.000   29.000   35.000   41.000   47.000   53.000   59.000   65.000
   12.000   19.000   26.000   33.000   40.000   47.000   54.000   61.000   68.000   75.000
   13.000   21.000   29.000   37.000   45.000   53.000   61.000   69.000   77.000   85.000
   14.000   23.000   32.000   41.000   50.000   59.000   68.000   77.000   86.000   95.000
   15.000   25.000   35.000   45.000   55.000   65.000   75.000   85.000   95.000  105.000
   16.000   27.000   38.000   49.000   60.000   71.000   82.000   93.000  104.000  115.000
    4.000    8.000   10.000   12.000   14.000   16.000   18.000   20.000   22.000   24.000
    5.000   10.000   13.000   16.000   19.000   22.000   25.000   28.000   31.000   34.000
    6.000   12.000   16.000   20.000   24.000   28.000   32.000   36.000   40.000   44.000
    7.000   14.000   19.000   24.000   29.000   34.000   39.000   44.000   49.000   54.000
    8.000   16.000   22.000   28.000   34.000   40.000   46.000   52.000   58.000   64.000
   12.000   19.000   26.000   33.000   40.000   47.000   54.000   61.000   68.000   75.000
   13.000   21.000   29.000   37.000   45.000   53.000   61.000   69.000   77.000   85.000
   14.000   23.000   32.000   41.000   50.000   59.000   68.000   77.000   86.000   95.000
   15.000   25.000   35.000   45.000   55.000   65.000   75.000   85.000   95.000  105.000
   16.000   27.000   38.000   49.000   60.000   71.000   82.000   93.000  104.000  115.000
    4.000    8.000   10.000   12.000   14.000   16.000   18.000   20.000   22.000   24.000
    5.000   10.000   13.000   16.000   19.000   22.000   25.000   28.000   31.000   34.000
    6.000   12.000   16.000   20.000   24.000   28.000   32.000   36.000   40.000   44.000
    7.000   14.000   19.000   24.000   29.000   34.000   39.000   44.000   49.000   54.000
    8.000   16.000   22.000   28.000   34.000   40.000   46.000   52.000   58.000   64.000
    9.000   18.000   25.000   32.000   39.000   46.000   53.000   60.000   67.000   74.000
   13.000   21.000   29.000   37.000   45.000   53.000   61.000   69.000   77.000   85.000
   14.000   23.000   32.000   41.000   50.000   59.000   68.000   77.000   86.000   95.000
   15.000   25.000   35.000   45.000   55.000   65.000   75.000   85.000   95.000  105.000
   16.000   27.000   38.000   49.000   60.000   71.000   82.000   93.000  104.000  115.000
    4.000    8.000   10.000   12.000   14.000   16.000   18.000   20.000   22.000   24.000
    5.000   10.000   13.000   16.000   19.000   22.000   25.000   28.000   31.000   34.000
    6.000   12.000   16.000   20.000   24.000   28.000   32.000   36.000   40.000   44.000
    7.000   14.000   19.000   24.000   29.000   34.000   39.000   44.000   49.000   54.000
    8.000   16.000   22.000   28.000   34.000   40.000   46.000   52.000   58.000   64.000
    9.000   18.000   25.000   32.000   39.000   46.000   53.000   60.000   67.000   74.000
   10.000   20.000   28.000   36.000   44.000   52.000   60.000   68.000   76.000   84.000
   14.000   23.000   32.000   41.000   50.000   59.000   68.000   77.000   86.000   95.000
   15.000   25.000   35.000   45.000   55.000   65.000   75.000   85.000   95.000  105.000
   16.000   27.000   38.000   49.000   60.000   71.000   82.000   93.000  104.000  115.000
    4.000    8.000   10.000   12.000   14.000   16.000   18.000   20.000   22.000   24.000
    5.000   10.000   13.000   16.000   19.000   22.000   25.000   28.000   31.000   34.000
    6.000   12.000   16.000   20.000   24.000   28.000   32.000   36.000   40.000   44.000
    7.000   14.000   19.000   24.000   29.000   34.000   39.000   44.000   49.000   54.000
    8.000   16.000   22.000   28.000   34.000   40.000   46.000   52.000   58.000   64.000
    9.000   18.000   25.000   32.000   39.000   46.000   53.000   60.000   67.000   74.000
   10.000   20.000   28.000   36.000   44.000   52.000   60.000   68.000   76.000   84.000
   11.000   22.000   31.000   40.000   49.000   58.000   67.000   76.000   85.000   94.000
   15.000   25.000   35.000   45.000   55.000   65.000   75.000   85.000   95.000  105.000
   16.000   27.000   38.000   49.000   60.000   71.000   82.000   93.000  104.000  115.000
    4.000    8.000   10.000   12.000   14.000   16.000   18.000   20.000   22.000   24.000
    5.000   10.000   13.000   16.000   19.000   22.000   25.000   28.000   31.000   34.000
    6.000   12.000   16.000   20.000   24.000   28.000   32.000   36.000   40.000   44.000
    7.000   14.000   19.000   24.000   29.000   34.000   39.000   44.000   49.000   54.000
    8.000   16.000   22.000   28.000   34.000   40.000   46.000   52.000   58.000   64.000
    9.000   18.000   25.000   32.000   39.000   46.000   53.000   60.000   67.000   74.000
   10.000   20.000   28.000   36.000   44.000   52.000   60.000   68.000   76.000   84.000
   11.000   22.000   31.000   40.000   49.000   58.000   67.000   76.000   85.000   94.000
   12.000   24.000   34.000   44.000   54.000   64.000   74.000   84.000   94.000  104.000
   16.000   27.000   38.000   49.000   60.000   71.000   82.000   93.000  104.000  115.000
 +++++ TEST NO. 2 +++++
    1.000    1.000    1.000    1.000    1.000    1.000    1.000    1.000    1.000    1.000
    0.000    0.000    0.000    0.000    0.000    0.000    0.000    0.000    0.000    0.000
    1.000    1.000    1.000    1.000    1.000    1.000    1.000    1.000    1.000    1.000
    1.000    1.000    1.000    1.000    1.000    1.000    1.000    1.000    1.000    1.000
   13.000   13.000   13.000   13.000   13.000   13.000   13.000   13.000   13.000   13.000
   27.000   16.000   17.000   18.000   19.000   20.000   21.000   22.000   23.000   24.000
   37.000   16.000   17.000   18.000   19.000   20.000   21.000   22.000   23.000   24.000
   47.000   16.000   17.000   18.000   19.000   20.000   21.000   22.000   23.000   24.000
   57.000   16.000   17.000   18.000   19.000   20.000   21.000   22.000   23.000   24.000
   67.000   16.000   17.000   18.000   19.000   20.000   21.000   22.000   23.000   24.000
   77.000   16.000   17.000   18.000   19.000   20.000   21.000   22.000   23.000   24.000
   87.000   16.000   17.000   18.000   19.000   20.000   21.000   22.000   23.000   24.000
   97.000   16.000   17.000   18.000   19.000   20.000   21.000   22.000   23.000   24.000
  107.000   16.000   17.000   18.000   19.000   20.000   21.000   22.000   23.000   24.000
  117.000   16.000   17.000   18.000   19.000   20.000   21.000   22.000   23.000   24.000
   27.000   16.000   17.000   18.000   19.000   20.000   21.000   22.000   23.000   24.000
   37.000   16.000   17.000   18.000   19.000   20.000   21.000   22.000   23.000   24.000
   47.000   16.000   17.000   18.000   19.000   20.000   21.000   22.000   23.000   24.000
   57.000   16.000   17.000   18.000   19.000   20.000   21.000   22.000   23.000   24.000
   67.000   16.000   17.000   18.000   19.000   20.000   21.000   22.000   23.000   24.000
   77.000   16.000   17.000   18.000   19.000   20.000   21.000   22.000   23.000   24.000
   87.000   16.000   17.000   18.000   19.000   20.000   21.000   22.000   23.000   24.000
   97.000   16.000   17.000   18.000   19.000   20.000   21.000   22.000   23.000   24.000
  107.000   16.000   17.000   18.000   19.000   20.000   21.000   22.000   23.000   24.000
  117.000   16.000   17.000   18.000   19.000   20.000   21.000   22.000   23.000   24.000
   27.000   16.000   17.000   18.000   19.000   20.000   21.000   22.000   23.000   24.000
   37.000   16.000   17.000   18.000   19.000   20.000   21.000   22.000   23.000   24.000
   47.000   16.000   17.000   18.000   19.000   20.000   21.000   22.000   23.000   24.000
   57.000   16.000   17.000   18.000   19.000   20.000   21.000   22.000   23.000   24.000
   67.000   16.000   17.000   18.000   19.000   20.000   21.000   22.000   23.000   24.000
   77.000   16.000   17.000   18.000   19.000   20.000   21.000   22.000   23.000   24.000
   87.000   16.000   17.000   18.000   19.000   20.000   21.000   22.000   23.000   24.000
   97.000   16.000   17.000   18.000   19.000   20.000   21.000   22.000   23.000   24.000
  107.000   16.000   17.000   18.000   19.000   20.000   21.000   22.000   23.000   24.000
  117.000   16.000   17.000   18.000   19.000   20.000   21.000   22.000   23.000   24.000
   27.000   16.000   17.000   18.000   19.000   20.000   21.000   22.000   23.000   24.000
   37.000   16.000   17.000   18.000   19.000   20.000   21.000   22.000   23.000   24.000
   47.000   16.000   17.000   18.000   19.000   20.000   21.000   22.000   23.000   24.000
   57.000   16.000   17.000   18.000   19.000   20.000   21.000   22.000   23.000   24.000
   67.000   16.000   17.000   18.000   19.000   20.000   21.000   22.000   23.000   24.000
   77.000   16.000   17.000   18.000   19.000   20.000   21.000   22.000   23.000   24.000
   87.000   16.000   17.000   18.000   19.000   20.000   21.000   22.000   23.000   24.000
   97.000   16.000   17.000   18.000   19.000   20.000   21.000   22.000   23.000   24.000
  107.000   16.000   17.000   18.000   19.000   20.000   21.000   22.000   23.000   24.000
  117.000   16.000   17.000   18.000   19.000   20.000   21.000   22.000   23.000   24.000
   27.000   16.000   17.000   18.000   19.000   20.000   21.000   22.000   23.000   24.000
   37.000   16.000   17.000   18.000   19.000   20.000   21.000   22.000   23.000   24.000
   47.000   16.000   17.000   18.000   19.000   20.000   21.000   22.000   23.000   24.000
   57.000   16.000   17.000   18.000   19.000   20.000   21.000   22.000   23.000   24.000
   67.000   16.000   17.000   18.000   19.000   20.000   21.000   22.000   23.000   24.000
   77.000   16.000   17.000   18.000   19.000   20.000   21.000   22.000   23.000   24.000
   87.000   16.000   17.000   18.000   19.000   20.000   21.000   22.000   23.000   24.000
   97.000   16.000   17.000   18.000   19.000   20.000   21.000   22.000   23.000   24.000
  107.000   16.000   17.000   18.000   19.000   20.000   21.000   22.000   23.000   24.000
  117.000   16.000   17.000   18.000   19.000   20.000   21.000   22.000   23.000   24.000
   27.000   16.000   17.000   18.000   19.000   20.000   21.000   22.000   23.000   24.000
   37.000   16.000   17.000   18.000   19.000   20.000   21.000   22.000   23.000   24.000
   47.000   16.000   17.000   18.000   19.000   20.000   21.000   22.000   23.000   24.000
   57.000   16.000   17.000   18.000   19.000   20.000   21.000   22.000   23.000   24.000
   67.000   16.000   17.000   18.000   19.000   20.000   21.000   22.000   23.000   24.000
   77.000   16.000   17.000   18.000   19.000   20.000   21.000   22.000   23.000   24.000
   87.000   16.000   17.000   18.000   19.000   20.000   21.000   22.000   23.000   24.000
   97.000   16.000   17.000   18.000   19.000   20.000   21.000   22.000   23.000   24.000
  107.000   16.000   17.000   18.000   19.000   20.000   21.000   22.000   23.000   24.000
  117.000   16.000   17.000   18.000   19.000   20.000   21.000   22.000   23.000   24.000
   27.000   16.000   17.000   18.000   19.000   20.000   21.000   22.000   23.000   24.000
   37.000   16.000   17.000   18.000   19.000   20.000   21.000   22.000   23.000   24.000
   47.000   16.000   17.000   18.000   19.000   20.000   21.000   22.000   23.000   24.000
   57.000   16.000   17.000   18.000   19.000   20.000   21.000   22.000   23.000   24.000
   67.000   16.000   17.000   18.000   19.000   20.000   21.000   22.000   23.000   24.000
   77.000   16.000   17.000   18.000   19.000   20.000   21.000   22.000   23.000   24.000
   87.000   16.000   17.000   18.000   19.000   20.000   21.000   22.000   23.000   24.000
   97.000   16.000   17.000   18.000   19.000   20.000   21.000   22.000   23.000   24.000
  107.000   16.000   17.000   18.000   19.000   20.000   21.000   22.000   23.000   24.000
  117.000   16.000   17.000   18.000   19.000   20.000   21.000   22.000   23.000   24.000
   27.000   16.000   17.000   18.000   19.000   20.000   21.000   22.000   23.000   24.000
   37.000   16.000   17.000   18.000   19.000   20.000   21.000   22.000   23.000   24.000
   47.000   16.000   17.000   18.000   19.000   20.000   21.000   22.000   23.000   24.000
   57.000   16.000   17.000   18.000   19.000   20.000   21.000   22.000   23.000   24.000
   67.000   16.000   17.000   18.000   19.000   20.000   21.000   22.000   23.000   24.000
   77.000   16.000   17.000   18.000   19.000   20.000   21.000   22.000   23.000   24.000
   87.000   16.000   17.000   18.000   19.000   20.000   21.000   22.000   23.000   24.000
   97.000   16.000   17.000   18.000   19.000   20.000   21.000   22.000   23.000   24.000
  107.000   16.000   17.000   18.000   19.000   20.000   21.000   22.000   23.000   24.000
  117.000   16.000   17.000   18.000   19.000   20.000   21.000   22.000   23.000   24.000
   27.000   16.000   17.000   18.000   19.000   20.000   21.000   22.000   23.000   24.000
   37.000   16.000   17.000   18.000   19.000   20.000   21.000   22.000   23.000   24.000
   47.000   16.000   17.000   18.000   19.000   20.000   21.000   22.000   23.000   24.000
   57.000   16.000   17.000   18.000   19.000   20.000   21.000   22.000   23.000   24.000
   67.000   16.000   17.000   18.000   19.000   20.000   21.000   22.000   23.000   24.000
   77.000   16.000   17.000   18.000   19.000   20.000   21.000   22.000   23.000   24.000
   87.000   16.000   17.000   18.000   19.000   20.000   21.000   22.000   23.000   24.000
   97.000   16.000   17.000   18.000   19.000   20.000   21.000   22.000   23.000   24.000
  107.000   16.000   17.000   18.000   19.000   20.000   21.000   22.000   23.000   24.000
  117.000   16.000   17.000   18.000   19.000   20.000   21.000   22.000   23.000   24.000
   27.000   16.000   17.000   18.000   19.000   20.000   21.000   22.000   23.000   24.000
   37.000   16.000   17.000   18.000   19.000   20.000   21.000   22.000   23.000   24.000
   47.000   16.000   17.000   18.000   19.000   20.000   21.000   22.000   23.000   24.000
   57.000   16.000   17.000   18.000   19.000   20.000   21.000   22.000   23.000   24.000
   67.000   16.000   17.000   18.000   19.000   20.000   21.000   22.000   23.000   24.000
   77.000   16.000   17.000   18.000   19.000   20.000   21.000   22.000   23.000   24.000
   87.000   16.000   17.000   18.000   19.000   20.000   21.000   22.000   23.000   24.000
   97.000   16.000   17.000   18.000   19.000   20.000   21.000   22.000   23.000   24.000
  107.000   16.000   17.000   18.000   19.000   20.000   21.000   22.000   23.000   24.000
  117.000   16.000   17.000   18.000   19.000   20.000   21.000   22.000   23.000   24.000
 +++++ TEST NO. 3 +++++
    2.000    3.000    4.000    5.000    6.000    7.000    8.000    9.000   10.000   11.000
    4.000    6.000    8.000   10.000   12.000   14.000   16.000   18.000   20.000   22.000
   12.000   12.000   12.000   12.000   12.000   12.000   12.000   12.000   12.000   12.000
   13.000   14.000   15.000   16.000   17.000   18.000   19.000   20.000   21.000   22.000
   13.000   14.000   15.000   16.000   17.000   18.000   19.000   20.000   21.000   22.000
    3.000    3.000    3.000    3.000    3.000    3.000    3.000    3.000    3.000    3.000
    4.000    4.000    4.000    4.000    4.000    4.000    4.000    4.000    4.000    4.000
    5.000    5.000    5.000    5.000    5.000    5.000    5.000    5.000    5.000    5.000
    6.000    6.000    6.000    6.000    6.000    6.000    6.000    6.000    6.000    6.000
    7.000    7.000    7.000    7.000    7.000    7.000    7.000    7.000    7.000    7.000
    8.000    8.000    8.000    8.000    8.000    8.000    8.000    8.000    8.000    8.000
    9.000    9.000    9.000    9.000    9.000    9.000    9.000    9.000    9.000    9.000
   10.000   10.000   10.000   10.000   10.000   10.000   10.000   10.000   10.000   10.000
   11.000   11.000   11.000   11.000   11.000   11.000   11.000   11.000   11.000   11.000
   12.000   12.000   12.000   12.000   12.000   12.000   12.000   12.000   12.000   12.000
    3.000    3.000    3.000    3.000    3.000    3.000    3.000    3.000    3.000    3.000
    4.000    4.000    4.000    4.000    4.000    4.000    4.000    4.000    4.000    4.000
    5.000    5.000    5.000    5.000    5.000    5.000    5.000    5.000    5.000    5.000
    6.000    6.000    6.000    6.000    6.000    6.000    6.000    6.000    6.000    6.000
    7.000    7.000    7.000    7.000    7.000    7.000    7.000    7.000    7.000    7.000
    8.000    8.000    8.000    8.000    8.000    8.000    8.000    8.000    8.000    8.000
    9.000    9.000    9.000    9.000    9.000    9.000    9.000    9.000    9.000    9.000
   10.000   10.000   10.000   10.000   10.000   10.000   10.000   10.000   10.000   10.000
   11.000   11.000   11.000   11.000   11.000   11.000   11.000   11.000   11.000   11.000
   12.000   12.000   12.000   12.000   12.000   12.000   12.000   12.000   12.000   12.000
    3.000    3.000    3.000    3.000    3.000    3.000    3.000    3.000    3.000    3.000
    4.000    4.000    4.000    4.000    4.000    4.000    4.000    4.000    4.000    4.000
    5.000    5.000    5.000    5.000    5.000    5.000    5.000    5.000    5.000    5.000
    6.000    6.000    6.000    6.000    6.000    6.000    6.000    6.000    6.000    6.000
    7.000    7.000    7.000    7.000    7.000    7.000    7.000    7.000    7.000    7.000
    8.000    8.000    8.000    8.000    8.000    8.000    8.000    8.000    8.000    8.000
    9.000    9.000    9.000    9.000    9.000    9.000    9.000    9.000    9.000    9.000
   10.000   10.000   10.000   10.000   10.000   10.000   10.000   10.000   10.000   10.000
   11.000   11.000   11.000   11.000   11.000   11.000   11.000   11.000   11.000   11.000
   12.000   12.000   12.000   12.000   12.000   12.000   12.000   12.000   12.000   12.000
    3.000    3.000    3.000    3.000    3.000    3.000    3.000    3.000    3.000    3.000
    4.000    4.000    4.000    4.000    4.000    4.000    4.000    4.000    4.000    4.000
    5.000    5.000    5.000    5.000    5.000    5.000    5.000    5.000    5.000    5.000
    6.000    6.000    6.000    6.000    6.000    6.000    6.000    6.000    6.000    6.000
    7.000    7.000    7.000    7.000    7.000    7.000    7.000    7.000    7.000    7.000
    8.000    8.000    8.000    8.000    8.000    8.000    8.000    8.000    8.000    8.000
    9.000    9.000    9.000    9.000    9.000    9.000    9.000    9.000    9.000    9.000
   10.000   10.000   10.000   10.000   10.000   10.000   10.000   10.000   10.000   10.000
   11.000   11.000   11.000   11.000   11.000   11.000   11.000   11.000   11.000   11.000
   12.000   12.000   12.000   12.000   12.000   12.000   12.000   12.000   12.000   12.000
    3.000    3.000    3.000    3.000    3.000    3.000    3.000    3.000    3.000    3.000
    4.000    4.000    4.000    4.000    4.000    4.000    4.000    4.000    4.000    4.000
    5.000    5.000    5.000    5.000    5.000    5.000    5.000    5.000    5.000    5.000
    6.000    6.000    6.000    6.000    6.000    6.000    6.000    6.000    6.000    6.000
    7.000    7.000    7.000    7.000    7.000    7.000    7.000    7.000    7.000    7.000
    8.000    8.000    8.000    8.000    8.000    8.000    8.000    8.000    8.000    8.000
    9.000    9.000    9.000    9.000    9.000    9.000    9.000    9.000    9.000    9.000
   10.000   10.000   10.000   10.000   10.000   10.000   10.000   10.000   10.000   10.000
   11.000   11.000   11.000   11.000   11.000   11.000   11.000   11.000   11.000   11.000
   12.000   12.000   12.000   12.000   12.000   12.000   12.000   12.000   12.000   12.000
    3.000    3.000    3.000    3.000    3.000    3.000    3.000    3.000    3.000    3.000
    4.000    4.000    4.000    4.000    4.000    4.000    4.000    4.000    4.000    4.000
    5.000    5.000    5.000    5.000    5.000    5.000    5.000    5.000    5.000    5.000
    6.000    6.000    6.000    6.000    6.000    6.000    6.000    6.000    6.000    6.000
    7.000    7.000    7.000    7.000    7.000    7.000    7.000    7.000    7.000    7.000
    8.000    8.000    8.000    8.000    8.000    8.000    8.000    8.000    8.000    8.000
    9.000    9.000    9.000    9.000    9.000    9.000    9.000    9.000    9.000    9.000
   10.000   10.000   10.000   10.000   10.000   10.000   10.000   10.000   10.000   10.000
   11.000   11.000   11.000   11.000   11.000   11.000   11.000   11.000   11.000   11.000
   12.000   12.000   12.000   12.000   12.000   12.000   12.000   12.000   12.000   12.000
    3.000    3.000    3.000    3.000    3.000    3.000    3.000    3.000    3.000    3.000
    4.000    4.000    4.000    4.000    4.000    4.000    4.000    4.000    4.000    4.000
    5.000    5.000    5.000    5.000    5.000    5.000    5.000    5.000    5.000    5.000
    6.000    6.000    6.000    6.000    6.000    6.000    6.000    6.000    6.000    6.000
    7.000    7.000    7.000    7.000    7.000    7.000    7.000    7.000    7.000    7.000
    8.000    8.000    8.000    8.000    8.000    8.000    8.000    8.000    8.000    8.000
    9.000    9.000    9.000    9.000    9.000    9.000    9.000    9.000    9.000    9.000
   10.000   10.000   10.000   10.000   10.000   10.000   10.000   10.000   10.000   10.000
   11.000   11.000   11.000   11.000   11.000   11.000   11.000   11.000   11.000   11.000
   12.000   12.000   12.000   12.000   12.000   12.000   12.000   12.000   12.000   12.000
    3.000    3.000    3.000    3.000    3.000    3.000    3.000    3.000    3.000    3.000
    4.000    4.000    4.000    4.000    4.000    4.000    4.000    4.000    4.000    4.000
    5.000    5.000    5.000    5.000    5.000    5.000    5.000    5.000    5.000    5.000
    6.000    6.000    6.000    6.000    6.000    6.000    6.000    6.000    6.000    6.000
    7.000    7.000    7.000    7.000    7.000    7.000    7.000    7.000    7.000    7.000
    8.000    8.000    8.000    8.000    8.000    8.000    8.000    8.000    8.000    8.000
    9.000    9.000    9.000    9.000    9.000    9.000    9.000    9.000    9.000    9.000
   10.000   10.000   10.000   10.000   10.000   10.000   10.000   10.000   10.000   10.000
   11.000   11.000   11.000   11.000   11.000   11.000   11.000   11.000   11.000   11.000
   12.000   12.000   12.000   12.000   12.000   12.000   12.000   12.000   12.000   12.000
    3.000    3.000    3.000    3.000    3.000    3.000    3.000    3.000    3.000    3.000
    4.000    4.000    4.000    4.000    4.000    4.000    4.000    4.000    4.000    4.000
    5.000    5.000    5.000    5.000    5.000    5.000    5.000    5.000    5.000    5.000
    6.000    6.000    6.000    6.000    6.000    6.000    6.000    6.000    6.000    6.000
    7.000    7.000    7.000    7.000    7.000    7.000    7.000    7.000    7.000    7.000
    8.000    8.000    8.000    8.000    8.000    8.000    8.000    8.000    8.000    8.000
    9.000    9.000    9.000    9.000    9.000    9.000    9.000    9.000    9.000    9.000
   10.000   10.000   10.000   10.000   10.000   10.000   10.000   10.000   10.000   10.000
   11.000   11.000   11.000   11.000   11.000   11.000   11.000   11.000   11.000   11.000
   12.000   12.000   12.000   12.000   12.000   12.000   12.000   12.000   12.000   12.000
    3.000    3.000    3.000    3.000    3.000    3.000    3.000    3.000    3.000    3.000
    4.000    4.000    4.000    4.000    4.000    4.000    4.000    4.000    4.000    4.000
    5.000    5.000    5.000    5.000    5.000    5.000    5.000    5.000    5.000    5.000
    6.000    6.000    6.000    6.000    6.000    6.000    6.000    6.000    6.000    6.000
    7.000    7.000    7.000    7.000    7.000    7.000    7.000    7.000    7.000    7.000
    8.000    8.000    8.000    8.000    8.000    8.000    8.000    8.000    8.000    8.000
    9.000    9.000    9.000    9.000    9.000    9.000    9.000    9.000    9.000    9.000
   10.000   10.000   10.000   10.000   10.000   10.000   10.000   10.000   10.000   10.000
   11.000   11.000   11.000   11.000   11.000   11.000   11.000   11.000   11.000   11.000
   12.000   12.000   12.000   12.000   12.000   12.000   12.000   12.000   12.000   12.000
 +++++ TEST NO. 4 +++++
   11.000   12.000   13.000   14.000   15.000   16.000   17.000   18.000   19.000   20.000
   22.000   24.000   26.000   28.000   30.000   32.000   34.000   36.000   38.000   40.000
  562.000  562.000  562.000  562.000  562.000  562.000  562.000  562.000  562.000  562.000
   13.000   14.000   15.000   16.000   17.000   18.000   19.000   20.000   21.000   22.000
   13.000   14.000   15.000   16.000   17.000   18.000   19.000   20.000   21.000   22.000
    3.000    4.000    5.000    6.000    7.000    8.000    9.000   10.000   11.000   12.000
    4.000    5.000    6.000    7.000    8.000    9.000   10.000   11.000   12.000   13.000
    5.000    6.000    7.000    8.000    9.000   10.000   11.000   12.000   13.000   14.000
    6.000    7.000    8.000    9.000   10.000   11.000   12.000   13.000   14.000   15.000
    7.000    8.000    9.000   10.000   11.000   12.000   13.000   14.000   15.000   16.000
    8.000    9.000   10.000   11.000   12.000   13.000   14.000   15.000   16.000   17.000
    9.000   10.000   11.000   12.000   13.000   14.000   15.000   16.000   17.000   18.000
   10.000   11.000   12.000   13.000   14.000   15.000   16.000   17.000   18.000   19.000
   11.000   12.000   13.000   14.000   15.000   16.000   17.000   18.000   19.000   20.000
   12.000   13.000   14.000   15.000   16.000   17.000   18.000   19.000   20.000   21.000
    3.000    4.000    5.000    6.000    7.000    8.000    9.000   10.000   11.000   12.000
    4.000    5.000    6.000    7.000    8.000    9.000   10.000   11.000   12.000   13.000
    5.000    6.000    7.000    8.000    9.000   10.000   11.000   12.000   13.000   14.000
    6.000    7.000    8.000    9.000   10.000   11.000   12.000   13.000   14.000   15.000
    7.000    8.000    9.000   10.000   11.000   12.000   13.000   14.000   15.000   16.000
    8.000    9.000   10.000   11.000   12.000   13.000   14.000   15.000   16.000   17.000
    9.000   10.000   11.000   12.000   13.000   14.000   15.000   16.000   17.000   18.000
   10.000   11.000   12.000   13.000   14.000   15.000   16.000   17.000   18.000   19.000
   11.000   12.000   13.000   14.000   15.000   16.000   17.000   18.000   19.000   20.000
   12.000   13.000   14.000   15.000   16.000   17.000   18.000   19.000   20.000   21.000
    3.000    4.000    5.000    6.000    7.000    8.000    9.000   10.000   11.000   12.000
    4.000    5.000    6.000    7.000    8.000    9.000   10.000   11.000   12.000   13.000
    5.000    6.000    7.000    8.000    9.000   10.000   11.000   12.000   13.000   14.000
    6.000    7.000    8.000    9.000   10.000   11.000   12.000   13.000   14.000   15.000
    7.000    8.000    9.000   10.000   11.000   12.000   13.000   14.000   15.000   16.000
    8.000    9.000   10.000   11.000   12.000   13.000   14.000   15.000   16.000   17.000
    9.000   10.000   11.000   12.000   13.000   14.000   15.000   16.000   17.000   18.000
   10.000   11.000   12.000   13.000   14.000   15.000   16.000   17.000   18.000   19.000
   11.000   12.000   13.000   14.000   15.000   16.000   17.000   18.000   19.000   20.000
   12.000   13.000   14.000   15.000   16.000   17.000   18.000   19.000   20.000   21.000
    3.000    4.000    5.000    6.000    7.000    8.000    9.000   10.000   11.000   12.000
    4.000    5.000    6.000    7.000    8.000    9.000   10.000   11.000   12.000   13.000
    5.000    6.000    7.000    8.000    9.000   10.000   11.000   12.000   13.000   14.000
    6.000    7.000    8.000    9.000   10.000   11.000   12.000   13.000   14.000   15.000
    7.000    8.000    9.000   10.000   11.000   12.000   13.000   14.000   15.000   16.000
    8.000    9.000   10.000   11.000   12.000   13.000   14.000   15.000   16.000   17.000
    9.000   10.000   11.000   12.000   13.000   14.000   15.000   16.000   17.000   18.000
   10.000   11.000   12.000   13.000   14.000   15.000   16.000   17.000   18.000   19.000
   11.000   12.000   13.000   14.000   15.000   16.000   17.000   18.000   19.000   20.000
   12.000   13.000   14.000   15.000   16.000   17.000   18.000   19.000   20.000   21.000
    3.000    4.000    5.000    6.000    7.000    8.000    9.000   10.000   11.000   12.000
    4.000    5.000    6.000    7.000    8.000    9.000   10.000   11.000   12.000   13.000
    5.000    6.000    7.000    8.000    9.000   10.000   11.000   12.000   13.000   14.000
    6.000    7.000    8.000    9.000   10.000   11.000   12.000   13.000   14.000   15.000
    7.000    8.000    9.000   10.000   11.000   12.000   13.000   14.000   15.000   16.000
    8.000    9.000   10.000   11.000   12.000   13.000   14.000   15.000   16.000   17.000
    9.000   10.000   11.000   12.000   13.000   14.000   15.000   16.000   17.000   18.000
   10.000   11.000   12.000   13.000   14.000   15.000   16.000   17.000   18.000   19.000
   11.000   12.000   13.000   14.000   15.000   16.000   17.000   18.000   19.000   20.000
   12.000   13.000   14.000   15.000   16.000   17.000   18.000   19.000   20.000   21.000
    3.000    4.000    5.000    6.000    7.000    8.000    9.000   10.000   11.000   12.000
    4.000    5.000    6.000    7.000    8.000    9.000   10.000   11.000   12.000   13.000
    5.000    6.000    7.000    8.000    9.000   10.000   11.000   12.000   13.000   14.000
    6.000    7.000    8.000    9.000   10.000   11.000   12.000   13.000   14.000   15.000
    7.000    8.000    9.000   10.000   11.000   12.000   13.000   14.000   15.000   16.000
    8.000    9.000   10.000   11.000   12.000   13.000   14.000   15.000   16.000   17.000
    9.000   10.000   11.000   12.000   13.000   14.000   15.000   16.000   17.000   18.000
   10.000   11.000   12.000   13.000   14.000   15.000   16.000   17.000   18.000   19.000
   11.000   12.000   13.000   14.000   15.000   16.000   17.000   18.000   19.000   20.000
   12.000   13.000   14.000   15.000   16.000   17.000   18.000   19.000   20.000   21.000
    3.000    4.000    5.000    6.000    7.000    8.000    9.000   10.000   11.000   12.000
    4.000    5.000    6.000    7.000    8.000    9.000   10.000   11.000   12.000   13.000
    5.000    6.000    7.000    8.000    9.000   10.000   11.000   12.000   13.000   14.000
    6.000    7.000    8.000    9.000   10.000   11.000   12.000   13.000   14.000   15.000
    7.000    8.000    9.000   10.000   11.000   12.000   13.000   14.000   15.000   16.000
    8.000    9.000   10.000   11.000   12.000   13.000   14.000   15.000   16.000   17.000
    9.000   10.000   11.000   12.000   13.000   14.000   15.000   16.000   17.000   18.000
   10.000   11.000   12.000   13.000   14.000   15.000   16.000   17.000   18.000   19.000
   11.000   12.000   13.000   14.000   15.000   16.000   17.000   18.000   19.000   20.000
   12.000   13.000   14.000   15.000   16.000   17.000   18.000   19.000   20.000   21.000
    3.000    4.000    5.000    6.000    7.000    8.000    9.000   10.000   11.000   12.000
    4.000    5.000    6.000    7.000    8.000    9.000   10.000   11.000   12.000   13.000
    5.000    6.000    7.000    8.000    9.000   10.000   11.000   12.000   13.000   14.000
    6.000    7.000    8.000    9.000   10.000   11.000   12.000   13.000   14.000   15.000
    7.000    8.000    9.000   10.000   11.000   12.000   13.000   14.000   15.000   16.000
    8.000    9.000   10.000   11.000   12.000   13.000   14.000   15.000   16.000   17.000
    9.000   10.000   11.000   12.000   13.000   14.000   15.000   16.000   17.000   18.000
   10.000   11.000   12.000   13.000   14.000   15.000   16.000   17.000   18.000   19.000
   11.000   12.000   13.000   14.000   15.000   16.000   17.000   18.000   19.000   20.000
   12.000   13.000   14.000   15.000   16.000   17.000   18.000   19.000   20.000   21.000
    3.000    4.000    5.000    6.000    7.000    8.000    9.000   10.000   11.000   12.000
    4.000    5.000    6.000    7.000    8.000    9.000   10.000   11.000   12.000   13.000
    5.000    6.000    7.000    8.000    9.000   10.000   11.000   12.000   13.000   14.000
    6.000    7.000    8.000    9.000   10.000   11.000   12.000   13.000   14.000   15.000
    7.000    8.000    9.000   10.000   11.000   12.000   13.000   14.000   15.000   16.000
    8.000    9.000   10.000   11.000   12.000   13.000   14.000   15.000   16.000   17.000
    9.000   10.000   11.000   12.000   13.000   14.000   15.000   16.000   17.000   18.000
   10.000   11.000   12.000   13.000   14.000   15.000   16.000   17.000   18.000   19.000
   11.000   12.000   13.000   14.000   15.000   16.000   17.000   18.000   19.000   20.000
   12.000   13.000   14.000   15.000   16.000   17.000   18.000   19.000   20.000   21.000
    3.000    4.000    5.000    6.000    7.000    8.000    9.000   10.000   11.000   12.000
    4.000    5.000    6.000    7.000    8.000    9.000   10.000   11.000   12.000   13.000
    5.000    6.000    7.000    8.000    9.000   10.000   11.000   12.000   13.000   14.000
    6.000    7.000    8.000    9.000   10.000   11.000   12.000   13.000   14.000   15.000
    7.000    8.000    9.000   10.000   11.000   12.000   13.000   14.000   15.000   16.000
    8.000    9.000   10.000   11.000   12.000   13.000   14.000   15.000   16.000   17.000
    9.000   10.000   11.000   12.000   13.000   14.000   15.000   16.000   17.000   18.000
   10.000   11.000   12.000   13.000   14.000   15.000   16.000   17.000   18.000   19.000
   11.000   12.000   13.000   14.000   15.000   16.000   17.000   18.000   19.000   20.000
   12.000   13.000   14.000   15.000   16.000   17.000   18.000   19.000   20.000   21.000
exit 0
