 ***** CVCT5216 *****
 ----- TEST NO.1 ----- 
  S1 =  55.0000000
  D11 =  -1.000000000000000 -4.000000000000000 -9.000000000000000 -16.00000000000000 -25.00000000000000 -36.00000000000000 -49.00000000000000 -64.00000000000000 -81.00000000000000 -100.0000000000000
  D30 =  0.000000000000000 0.000000000000000 0.000000000000000 0.000000000000000 0.000000000000000 0.000000000000000 0.000000000000000 0.000000000000000
  D40 =  10.00000000000000 11.00000000000000 0.000000000000000 0.000000000000000 11.00000000000000 12.00000000000000 0.000000000000000 0.000000000000000 11.00000000000000 12.00000000000000 0.000000000000000 0.000000000000000 12.00000000000000 13.00000000000000 0.000000000000000 0.000000000000000
  S2 =  4196.00000
  D31 =  0.000000000000000 0.000000000000000 0.000000000000000 0.000000000000000 0.000000000000000 0.000000000000000 0.000000000000000 0.000000000000000
  D20 =  0.000000000000000 0.000000000000000 0.000000000000000 0.000000000000000 0.000000000000000 0.000000000000000 0.000000000000000 0.000000000000000 0.000000000000000
  D13 =  0.000000000000000 -2.000000000000000 -6.000000000000000 -12.00000000000000 -20.00000000000000 -30.00000000000000 -42.00000000000000 -56.00000000000000 -72.00000000000000 -90.00000000000000
  D14 =  1.000000000000000 4.000000000000000 9.000000000000000 16.00000000000000 25.00000000000000 36.00000000000000 49.00000000000000 64.00000000000000 81.00000000000000 100.0000000000000
 ----- TEST NO.2 ----- 
  S2  =  2200.00000
  D11 =  -1.000000000000000 -4.000000000000000 -9.000000000000000 -16.00000000000000 -25.00000000000000 -36.00000000000000 -49.00000000000000 -64.00000000000000 -81.00000000000000 -100.0000000000000
  D20 =  -25.00000000000000 -25.00000000000000 -25.00000000000000 -36.00000000000000 -36.00000000000000 -36.00000000000000 -49.00000000000000 -49.00000000000000 -49.00000000000000
  D30 =  27.00000000000000 27.00000000000000 27.00000000000000 27.00000000000000 64.00000000000000 64.00000000000000 64.00000000000000 64.00000000000000
  D40 =  8.000000000000000 10.00000000000000 9.000000000000000 11.00000000000000 72.00000000000000 74.00000000000000 73.00000000000000 75.00000000000000 9.000000000000000 11.00000000000000 10.00000000000000 12.00000000000000 9.000000000000000 11.00000000000000 10.00000000000000 12.00000000000000
  D31 =  15.00000000000000 16.00000000000000 16.00000000000000 17.00000000000000 23.00000000000000 24.00000000000000 24.00000000000000 25.00000000000000
  D21 =  -12.00000000000000 0.000000000000000 12.00000000000000 -21.00000000000000 -7.000000000000000 7.000000000000000 -32.00000000000000 -16.00000000000000 0.000000000000000
  D14 =  0.000000000000000 2.000000000000000 6.000000000000000 12.00000000000000 20.00000000000000 30.00000000000000 42.00000000000000 56.00000000000000 72.00000000000000 90.00000000000000
exit 0
