 ***** CVCT6116 *****
 ----- NO.1 -----
  D13S =  9.
  D13S =  22.999999569242447
  D13S =  16.999999569242447
  I2 =  1
  D13S =  25.732050464933365
  I2 =  2
  D13S =  9.732050464933365
  I2 =  3
  D13S =  397.6174563707087
  str%I10  =  2 3 4 3 4 5 7 8 9
  str%I11  =  2 3 4 3 4 5
  str%R10  =  2. 3. 4. 3. 4. 5.
  str%D10  =  4.732050895690918 6. 7.236067771911621
  D10S =  49.26064729690552
  str%L11  =  T T F F F T T T F T
  D11S =  9.
  str%L13  =  F T F T F T
  str%D12  =  4.732050895690918 -8. 378.8854059057753
  str%D13  =  14.656854152679443 29.92820267516896 24.999999569242447
 35.1961522563152 21.732050464933365 412.0895919145319
  str%D14  =  23.656854152679443 75.92820181365385 -8.999999569242447
 112.3923036511153 -7.464100929866731 2002.5594173973666
  str%Q10  =  0. 8. 8. 8. -26. -9. -9. -9. -9. -9.
exit 0
