getN(1,1)=:  8
getN(1,2)=:  16
getN(1,3)=:  24
getN(1,4)=:  32
getN(1,5)=:  40
getN(1,6)=:  48
getN(1,7)=:  56
getN(1,8)=:  64
getN(1,9)=:  72
getN(1,10)=:  80
getN(2,1)=:  16
getN(2,2)=:  32
getN(2,3)=:  48
getN(2,4)=:  64
getN(2,5)=:  80
getN(2,6)=:  96
getN(2,7)=:  112
getN(2,8)=:  128
getN(2,9)=:  144
getN(2,10)=:  160
getN(3,1)=:  24
getN(3,2)=:  48
getN(3,3)=:  72
getN(3,4)=:  96
getN(3,5)=:  120
getN(3,6)=:  144
getN(3,7)=:  168
getN(3,8)=:  192
getN(3,9)=:  216
getN(3,10)=:  240
getN(4,1)=:  32
getN(4,2)=:  64
getN(4,3)=:  96
getN(4,4)=:  128
getN(4,5)=:  160
getN(4,6)=:  192
getN(4,7)=:  224
getN(4,8)=:  256
getN(4,9)=:  288
getN(4,10)=:  320
getN(5,1)=:  40
getN(5,2)=:  80
getN(5,3)=:  120
getN(5,4)=:  160
getN(5,5)=:  200
getN(5,6)=:  240
getN(5,7)=:  280
getN(5,8)=:  320
getN(5,9)=:  360
getN(5,10)=:  400
getN(6,1)=:  48
getN(6,2)=:  96
getN(6,3)=:  144
getN(6,4)=:  192
getN(6,5)=:  240
getN(6,6)=:  288
getN(6,7)=:  336
getN(6,8)=:  384
getN(6,9)=:  432
getN(6,10)=:  480
getN(7,1)=:  56
getN(7,2)=:  112
getN(7,3)=:  168
getN(7,4)=:  224
getN(7,5)=:  280
getN(7,6)=:  336
getN(7,7)=:  392
getN(7,8)=:  448
getN(7,9)=:  504
getN(7,10)=:  560
getN(8,1)=:  64
getN(8,2)=:  128
getN(8,3)=:  192
getN(8,4)=:  256
getN(8,5)=:  320
getN(8,6)=:  384
getN(8,7)=:  448
getN(8,8)=:  512
getN(8,9)=:  576
getN(8,10)=:  640
getN(9,1)=:  72
getN(9,2)=:  144
getN(9,3)=:  216
getN(9,4)=:  288
getN(9,5)=:  360
getN(9,6)=:  432
getN(9,7)=:  504
getN(9,8)=:  576
getN(9,9)=:  648
getN(9,10)=:  720
getN(10,1)=:  80
getN(10,2)=:  160
getN(10,3)=:  240
getN(10,4)=:  320
getN(10,5)=:  400
getN(10,6)=:  480
getN(10,7)=:  560
getN(10,8)=:  640
getN(10,9)=:  720
getN(10,10)=:  800
exit 0
