putN=32
getN(1,1)=32
putN=64
getN(1,2)=64
putN=96
getN(1,3)=96
putN=128
getN(1,4)=128
putN=160
getN(1,5)=160
putN=192
getN(1,6)=192
putN=224
getN(1,7)=224
putN=256
getN(1,8)=256
putN=288
getN(1,9)=288
putN=320
getN(1,10)=320
putN=64
getN(2,1)=64
putN=128
getN(2,2)=128
putN=192
getN(2,3)=192
putN=256
getN(2,4)=256
putN=320
getN(2,5)=320
putN=384
getN(2,6)=384
putN=448
getN(2,7)=448
putN=512
getN(2,8)=512
putN=576
getN(2,9)=576
putN=640
getN(2,10)=640
putN=96
getN(3,1)=96
putN=192
getN(3,2)=192
putN=288
getN(3,3)=288
putN=384
getN(3,4)=384
putN=480
getN(3,5)=480
putN=576
getN(3,6)=576
putN=672
getN(3,7)=672
putN=768
getN(3,8)=768
putN=864
getN(3,9)=864
putN=960
getN(3,10)=960
putN=128
getN(4,1)=128
putN=256
getN(4,2)=256
putN=384
getN(4,3)=384
putN=512
getN(4,4)=512
putN=640
getN(4,5)=640
putN=768
getN(4,6)=768
putN=896
getN(4,7)=896
putN=1024
getN(4,8)=1024
putN=1152
getN(4,9)=1152
putN=1280
getN(4,10)=1280
putN=160
getN(5,1)=160
putN=320
getN(5,2)=320
putN=480
getN(5,3)=480
putN=640
getN(5,4)=640
putN=800
getN(5,5)=800
putN=960
getN(5,6)=960
putN=1120
getN(5,7)=1120
putN=1280
getN(5,8)=1280
putN=1440
getN(5,9)=1440
putN=1600
getN(5,10)=1600
putN=192
getN(6,1)=192
putN=384
getN(6,2)=384
putN=576
getN(6,3)=576
putN=768
getN(6,4)=768
putN=960
getN(6,5)=960
putN=1152
getN(6,6)=1152
putN=1344
getN(6,7)=1344
putN=1536
getN(6,8)=1536
putN=1728
getN(6,9)=1728
putN=1920
getN(6,10)=1920
putN=224
getN(7,1)=224
putN=448
getN(7,2)=448
putN=672
getN(7,3)=672
putN=896
getN(7,4)=896
putN=1120
getN(7,5)=1120
putN=1344
getN(7,6)=1344
putN=1568
getN(7,7)=1568
putN=1792
getN(7,8)=1792
putN=2016
getN(7,9)=2016
putN=2240
getN(7,10)=2240
putN=256
getN(8,1)=256
putN=512
getN(8,2)=512
putN=768
getN(8,3)=768
putN=1024
getN(8,4)=1024
putN=1280
getN(8,5)=1280
putN=1536
getN(8,6)=1536
putN=1792
getN(8,7)=1792
putN=2048
getN(8,8)=2048
putN=2304
getN(8,9)=2304
putN=2560
getN(8,10)=2560
putN=288
getN(9,1)=288
putN=576
getN(9,2)=576
putN=864
getN(9,3)=864
putN=1152
getN(9,4)=1152
putN=1440
getN(9,5)=1440
putN=1728
getN(9,6)=1728
putN=2016
getN(9,7)=2016
putN=2304
getN(9,8)=2304
putN=2592
getN(9,9)=2592
putN=2880
getN(9,10)=2880
putN=320
getN(10,1)=320
putN=640
getN(10,2)=640
putN=960
getN(10,3)=960
putN=1280
getN(10,4)=1280
putN=1600
getN(10,5)=1600
putN=1920
getN(10,6)=1920
putN=2240
getN(10,7)=2240
putN=2560
getN(10,8)=2560
putN=2880
getN(10,9)=2880
putN=3200
getN(10,10)=3200
exit 0
