  
  max =  7.099999904632568
  idx =  7.
  
  min =  3.5999999046325683
  idx =  1.
  
exit 0
