  ra =  118.6 62.5 3. 4. 5. 6. 7. 8. 9. 10.
  dc =  296.69999849796295 210.59999859333038 -3. 4. -5. 6. 7. -8. 9. -10.
exit 0
