 1. .5 .3333333333333333 .25 .2 .16666666666666666 .14285714285714285 .125
 .1111111111111111 .1 9.090909090909091E-02 144. 286. 448. 630. 832. 1054.
 1296. 1558. 1840. 4.7619047619047616E-02 286. 529. 792. 1075. 1378. 1701.
 2044. 2407. 2790. 3.225806451612903E-02 448. 792. 1156. 1540. 1944. 2368.
 2812. 3276. 3760. 2.4390243902439025E-02 630. 1075. 1540. 2025. 2530. 3055.
 3600. 4165. 4750. 1.96078431372549E-02 832. 1378. 1944. 2530. 3136. 3762.
 4408. 5074. 5760. 1.639344262295082E-02 1054. 1701. 2368. 3055. 3762. 4489.
 5236. 6003. 6790. 1.4084507042253521E-02 1296. 2044. 2812. 3600. 4408. 5236.
 6084. 6952. 7840. 1.2345679012345678E-02 1558. 2407. 3276. 4165. 5074. 6003.
 6952. 7921. 8910. 1.098901098901099E-02 1840. 2790. 3760. 4750. 5760. 6790.
 7840. 8910. 10000.
 1. 2. 3. 4. 5. 6. 7. 8. 9. 10. 11. 12. 13. 14. 15. 16. 17. 18. 19. 20. 21. 22.
 23. 24. 25. 26. 27. 28. 29. 30. 31. 32. 33. 34. 35. 36. 37. 38. 39. 40. 41.
 42. 43. 44. 45. 46. 47. 48. 49. 50. 51. 52. 53. 54. 55. 56. 57. 58. 59. 60.
 61. 62. 63. 64. 65. 66. 67. 68. 69. 70. 71. 72. 73. 74. 75. 76. 77. 78. 79.
 80. 81. 82. 83. 84. 85. 86. 87. 88. 89. 90. 91. 92. 93. 94. 95. 96. 97. 98.
 99. 100.
 1. 1. 1. 1. 1. 1. 1. 1. 1. 1. 1. 144. 286. 448. 630. 832. 1054. 1296. 1558.
 1840. 1. 286. 529. 792. 1075. 1378. 1701. 2044. 2407. 2790. 1. 448. 792. 1156.
 1540. 1944. 2368. 2812. 3276. 3760. 1. 630. 1075. 1540. 2025. 2530. 3055.
 3600. 4165. 4750. 1. 832. 1378. 1944. 2530. 3136. 3762. 4408. 5074. 5760. 1.
 1054. 1701. 2368. 3055. 3762. 4489. 5236. 6003. 6790. 1. 1296. 2044. 2812.
 3600. 4408. 5236. 6084. 6952. 7840. 1. 1558. 2407. 3276. 4165. 5074. 6003.
 6952. 7921. 8910. 1. 1840. 2790. 3760. 4750. 5760. 6790. 7840. 8910. 10000.
 1. .5 .3333333333333333 .25 .2 .16666666666666666 .14285714285714285 .125
 .1111111111111111 .1 9.090909090909091E-02 144. 286. 448. 630. 832. 1054.
 1296. 1558. 1840. 4.7619047619047616E-02 286. 529. 792. 1075. 1378. 1701.
 2044. 2407. 2790. 3.225806451612903E-02 448. 792. 1156. 1540. 1944. 2368.
 2812. 3276. 3760. 2.4390243902439025E-02 630. 1075. 1540. 2025. 2530. 3055.
 3600. 4165. 4750. 1.96078431372549E-02 832. 1378. 1944. 2530. 3136. 3762.
 4408. 5074. 5760. 1.639344262295082E-02 1054. 1701. 2368. 3055. 3762. 4489.
 5236. 6003. 6790. 1.4084507042253521E-02 1296. 2044. 2812. 3600. 4408. 5236.
 6084. 6952. 7840. 1.2345679012345678E-02 1558. 2407. 3276. 4165. 5074. 6003.
 6952. 7921. 8910. 1.098901098901099E-02 1840. 2790. 3760. 4750. 5760. 6790.
 7840. 8910. 10000.
 1. 2. 3. 4. 5. 6. 7. 8. 9. 10. 11. 12. 13. 14. 15. 16. 17. 18. 19. 20. 21. 22.
 23. 24. 25. 26. 27. 28. 29. 30. 31. 32. 33. 34. 35. 36. 37. 38. 39. 40. 41.
 42. 43. 44. 45. 46. 47. 48. 49. 50. 51. 52. 53. 54. 55. 56. 57. 58. 59. 60.
 61. 62. 63. 64. 65. 66. 67. 68. 69. 70. 71. 72. 73. 74. 75. 76. 77. 78. 79.
 80. 81. 82. 83. 84. 85. 86. 87. 88. 89. 90. 91. 92. 93. 94. 95. 96. 97. 98.
 99. 100.
 1. 1. 1. 1. 1. 1. 1. 1. 1. 1. 1. 144. 286. 448. 630. 832. 1054. 1296. 1558.
 1840. 1. 286. 529. 792. 1075. 1378. 1701. 2044. 2407. 2790. 1. 448. 792. 1156.
 1540. 1944. 2368. 2812. 3276. 3760. 1. 630. 1075. 1540. 2025. 2530. 3055.
 3600. 4165. 4750. 1. 832. 1378. 1944. 2530. 3136. 3762. 4408. 5074. 5760. 1.
 1054. 1701. 2368. 3055. 3762. 4489. 5236. 6003. 6790. 1. 1296. 2044. 2812.
 3600. 4408. 5236. 6084. 6952. 7840. 1. 1558. 2407. 3276. 4165. 5074. 6003.
 6952. 7921. 8910. 1. 1840. 2790. 3760. 4750. 5760. 6790. 7840. 8910. 10000.
exit 0
