 A(1)= 1.682941969615793
 B(1)= 2.682941969615793
 C(1)= 1.682941969615793
exit 0
