 A(1)= 1.3817732906760362
 B(1)= 2.381773290676036
 C(1)= .4931505902785393
exit 0
