 A[0]=1.381773290676036
 B[0]=2.381773290676036
 C[0]=0.4931505902785393
exit 0
