A=426.514330
A=489.219818
A=3998.826883
E=426.514330
E=489.219818
E=3998.826883
exit 0
