A=1.000000
A=2.000000
A=3.000000
B=2.000000
B=3.000000
B=4.000000
C=2.718282
C=7.389056
C=20.085537
D=7.389056
D=20.085537
D=54.598150
E=8.000000
E=8.000000
E=8.000000
F=81.000000
F=81.000000
F=81.000000
G=2980.957987
G=2980.957987
G=2980.957987
H=150609731458503061892247354869809152.000000
H=150609731458503061892247354869809152.000000
H=150609731458503061892247354869809152.000000
X=150609731458503061892247354869809152.000000
X=150609731458503061892247354869809152.000000
X=150609731459017910519344588455411712.000000
exit 0
