C=20.085537
C=54.598150
C=54.598150
C=148.413159
D=54.598150
D=148.413159
D=148.413159
D=403.428793
G=2980.957987
G=2980.957987
G=2980.957987
G=2980.957987
H=150609731458503061892247354869809152.000000
H=150609731458503061892247354869809152.000000
H=150609731458503061892247354869809152.000000
H=150609731458503061892247354869809152.000000
X=150609731458503061892247354869809152.000000
X=150609731459017910519344588455411712.000000
X=150609731459017910519344588455411712.000000
X=28511235679461408970888027824695424332117072394338483702438297600.000000
exit 0
