C=2.718282
C=7.389056
C=20.085537
D=7.389056
D=20.085537
D=54.598150
G=2980.957987
G=2980.957987
G=2980.957987
H=150609731458503061892247354869809152.000000
H=150609731458503061892247354869809152.000000
H=150609731458503061892247354869809152.000000
X=150609731458503061892247354869809152.000000
X=150609731458503061892247354869809152.000000
X=150609731458503061892247354869809152.000000
exit 0
