A=1.000000
A=2.000000
A=3.000000
B=2.000000
B=3.000000
B=4.000000
C=2.718282
C=7.389056
C=20.085537
D=7.389056
D=20.085537
D=54.598150
E=2.718282
E=7.389056
E=20.085537
F=7.389056
F=20.085537
F=54.598150
G=2.718282
G=7.389056
G=20.085537
exit 0
