A=1.000000
A=2.000000
A=3.000000
B=2.000000
B=3.000000
B=4.000000
C=2.718282
C=7.389056
C=20.085537
D=7.389056
D=20.085537
D=54.598150
C+D=10.107338
C+D=27.474593
C+D=74.683687
exit 0
