 A(0)=1.874923880954576
 B(0)=3.874923880954576
exit 0
