a[n-1] = 198.000000
sum = 9900.000000
exit 0
