a[n-1] = 4.626065
sum = 345.522314
a[n-1] = 4.626065
sum = 345.522314
exit 0
