r4s1 = 98.000000 
r4s2 = 98.000000 
r4s3 = 98.000000 
r4s1 = 98.000000 
r4s2 = 98.000000 
r4s3 = 98.000000 
exit 0
