r4s1 = 100.000000 
r4s1 = 100.000000 
exit 0
