r4s1 = 98.000000 
r4s1 = 98.000000 
exit 0
