a[n-1] = 99.000000
sum = 444.522314
a[n-1] = 4.626065
sum = 350.148379
exit 0
