a[n-1] = 99.000000
sum = 4953.626065
a[n-1] = 99.000000
sum = 4953.626065
exit 0
