a[0] = 1.000000
a[1] = 1.000000
a[2] = 1.000000
a[3] = 1.000000
a[4] = 1.000000
a[5] = 1.000000
a[6] = 1.000000
a[7] = 1.000000
a[8] = 1.000000
a[9] = 1.000000
a[10] = 2.000000
a[11] = 2.000000
a[12] = 2.000000
a[13] = 2.000000
a[14] = 2.000000
a[15] = 2.000000
a[16] = 2.000000
a[17] = 2.000000
a[18] = 2.000000
a[19] = 2.000000
a[20] = 3.000000
a[21] = 3.000000
a[22] = 3.000000
a[23] = 3.000000
a[24] = 3.000000
a[25] = 3.000000
a[26] = 3.000000
a[27] = 3.000000
a[28] = 3.000000
a[29] = 3.000000
a[30] = 2.000000
a[31] = 4.000000
a[32] = 8.000000
a[33] = 16.000000
a[34] = 32.000000
a[35] = 64.000000
a[36] = 128.000000
a[37] = 256.000000
a[38] = 512.000000
a[39] = 1024.000000
a[40] = 2048.000000
a[41] = 4096.000000
a[42] = 8192.000000
a[43] = 16384.000000
a[44] = 32768.000000
a[45] = 65536.000000
a[46] = 131072.000000
a[47] = 262144.000000
a[48] = 524288.000000
a[49] = 5.000000
exit 0
