test-1 = -19800.000000 
test-2 = -19800.000000 
exit 0
