result=650.000000 
result=8900.000000 
exit 0
