 result = 7600.000000 
 result = 729600.000000 
exit 0
