result(float)=1990.000000 
result(double)=2390.000000 
exit 0
