test-1 = 15526.000000 
test-2 = 550.000000 
exit 0
