test-1 = 107800.000000 
test-2 = 179300.000000 
exit 0
