test-1 = 7354.000000 
test-2 = 12214.000000 
test-3 = 158014.000000 
test-4 = 17074.000000 
exit 0
