test1 = 3400.000000 
test2 = 1325.000000 
exit 0
