test-1 = 5830.000000 
test-2 = 550.000000 
exit 0
