test-1 = 6120.000000 
test-2 = 4050.000000 
exit 0
