result=61200.000000 
result=20700.000000 
exit 0
