result1=20700.000000 
result2=450.000000 
exit 0
