test-1 = 4125.000000 
test-2 = 4125.000000 
exit 0
