result(float)=1990.000000 
result(double)=1990.000000 
exit 0
