test-1 = 2025.000000 
test-2 = 2475.000000 
test-3 = 23700.000000 
test-4 = 25200.000000 
exit 0
