result(float)=21718.000000 
result(double)=20406.000000 
exit 0
