test-1 = 26794.000000 
test-2 = 91675.000000 
test-3 = 8650.000000 
test-4 = 4675.000000 
exit 0
