test-1 = 36300.000000 
test-2 = 17985.000000 
exit 0
