test-1 = 6665.000000 
test-2 = 68475.000000 
exit 0
