test-1 = -19800.000000 
test-2 = 450.000000 
test-3 = 450.000000 
test-4 = 450.000000 
exit 0
