test-1 = 117028.000000 
test-2 = 117028.000000 
exit 0
