test-1 = 20050.000000 
test-2 = 10550.000000 
exit 0
