test-1 = 38925.000000 
test-2 = 11790.000000 
test-3 = 20700.000000 
test-4 = 935.000000 
test-5 = 20700.000000 
exit 0
