 fd = 1.1 1. 1.375 3. 1.8333332 5. 2.75 7. 5.5 9.
 dd = 1.1 1. 1.375 3. 1.8333333333333334 5. 2.75 7. 5.5 9.
exit 0
