 RXM= 5 RX= 1 1 1 1 1 2 2 2 2 2 3 3 3 3 3 4 4 4 4 4 5 5 5 5 5 IRXM= 5 JRXM= 5
 RYM= 5 RY= 1 2 3 4 5 1 2 3 4 5 1 2 3 4 5 1 2 3 4 5 1 2 3 4 5 IRYM= 5 JRYM= 5
 SXM= 5 SX= 1 1 1 1 1 2 2 2 2 2 3 3 3 3 3 4 4 4 4 4 5 5 5 5 5 IRXM= 5 JRXM= 5
 SYM= 5 SY= 1 2 3 4 5 1 2 3 4 5 1 2 3 4 5 1 2 3 4 5 1 2 3 4 5 IRYM= 5 JRYM= 5
TXM=  5.0000000TX=  1.0000000  1.0000000  1.0000000  1.0000000  1.0000000  2.0000000  2.0000000  2.0000000  2.0000000  2.0000000  3.0000000  3.0000000  3.0000000  3.0000000  3.0000000  4.0000000  4.0000000  4.0000000  4.0000000  4.0000000  5.0000000  5.0000000  5.0000000  5.0000000  5.0000000IRXM=         5JRXM=         5
TYM=  5.0000000TY=  1.0000000  2.0000000  3.0000000  4.0000000  5.0000000  1.0000000  2.0000000  3.0000000  4.0000000  5.0000000  1.0000000  2.0000000  3.0000000  4.0000000  5.0000000  1.0000000  2.0000000  3.0000000  4.0000000  5.0000000  1.0000000  2.0000000  3.0000000  4.0000000  5.0000000IRYM=         5JRYM=         5
UXM=  5.0000000000000UX=  1.0000000000000  1.0000000000000  1.0000000000000  1.0000000000000  1.0000000000000  2.0000000000000  2.0000000000000  2.0000000000000  2.0000000000000  2.0000000000000  3.0000000000000  3.0000000000000  3.0000000000000  3.0000000000000  3.0000000000000  4.0000000000000  4.0000000000000  4.0000000000000  4.0000000000000  4.0000000000000  5.0000000000000  5.0000000000000  5.0000000000000  5.0000000000000  5.0000000000000IRXM=         5JRXM=         5
UYM=  5.0000000000000UY=  1.0000000000000  2.0000000000000  3.0000000000000  4.0000000000000  5.0000000000000  1.0000000000000  2.0000000000000  3.0000000000000  4.0000000000000  5.0000000000000  1.0000000000000  2.0000000000000  3.0000000000000  4.0000000000000  5.0000000000000  1.0000000000000  2.0000000000000  3.0000000000000  4.0000000000000  5.0000000000000  1.0000000000000  2.0000000000000  3.0000000000000  4.0000000000000  5.0000000000000IRYM=         5JRYM=         5
exit 0
