RXM=  2.0000000RX=  1.0000000  1.0000000  1.0000000  1.0000000  1.0000000  2.0000000  2.0000000  2.0000000  2.0000000  2.0000000  3.0000000  3.0000000  3.0000000  3.0000000  3.0000000  4.0000000  4.0000000  4.0000000  4.0000000  4.0000000  5.0000000  5.0000000  5.0000000  5.0000000  5.0000000IRXM=         2JRXM=         2
RYM=  2.0000000RY=  1.0000000  2.0000000  3.0000000  4.0000000  5.0000000  1.0000000  2.0000000  3.0000000  4.0000000  5.0000000  1.0000000  2.0000000  3.0000000  4.0000000  5.0000000  1.0000000  2.0000000  3.0000000  4.0000000  5.0000000  1.0000000  2.0000000  3.0000000  4.0000000  5.0000000IRYM=         2JRYM=         2
exit 0
