a= 1.00000000 1.00000000 1.00000000 1.00000000 1.00000000 1.00000000 1.00000000 1.00000000 1.00000000 1.00000000 1.00000000 1.00000000 1.00000000 1.00000000 1.00000000 1.00000000 1.00000000 1.00000000 1.00000000 1.00000000 1.00000000 1.00000000 1.00000000 1.00000000 1.00000000
b= 2.00000000 2.00000000 2.00000000 2.00000000 2.00000000 2.00000000 2.00000000 2.00000000 2.00000000 2.00000000 2.00000000 2.00000000 2.00000000 2.00000000 2.00000000 2.00000000 2.00000000 2.00000000 2.00000000 2.00000000 2.00000000 2.00000000 2.00000000 2.00000000 2.00000000
c= 17.0000000 17.0000000 17.0000000 17.0000000 17.0000000 17.0000000 17.0000000 17.0000000 17.0000000 17.0000000 17.0000000 17.0000000 17.0000000 17.0000000 17.0000000 17.0000000 17.0000000 17.0000000 17.0000000 17.0000000 17.0000000 17.0000000 17.0000000 17.0000000 17.0000000
exit 0
