a= 1.00000000 1.00000000 1.00000000 1.00000000 1.00000000 1.00000000 1.00000000 1.00000000 1.00000000 1.00000000 1.00000000 1.00000000 1.00000000 1.00000000 1.00000000 1.00000000 1.00000000 1.00000000 1.00000000 1.00000000 1.00000000 1.00000000 1.00000000 1.00000000 1.00000000
b= 2.00000000 2.00000000 2.00000000 2.00000000 2.00000000 2.00000000 2.00000000 2.00000000 2.00000000 2.00000000 2.00000000 2.00000000 2.00000000 2.00000000 2.00000000 2.00000000 2.00000000 2.00000000 2.00000000 2.00000000 2.00000000 2.00000000 2.00000000 2.00000000 2.00000000
c= 19.0000000 20.0000000 21.0000000 22.0000000 23.0000000 24.0000000 25.0000000 26.0000000 27.0000000 28.0000000 29.0000000 30.0000000 31.0000000 32.0000000 33.0000000 34.0000000 35.0000000 36.0000000 37.0000000 38.0000000 39.0000000 40.0000000 41.0000000 42.0000000 43.0000000
exit 0
