a= 1.00000000 1.00000000 1.00000000 1.00000000 1.00000000 1.00000000 1.00000000 1.00000000 1.00000000 1.00000000 1.00000000 1.00000000 1.00000000 1.00000000 1.00000000 1.00000000 1.00000000 1.00000000 1.00000000 1.00000000 1.00000000 1.00000000 1.00000000 1.00000000 1.00000000
b= 2.00000000 2.00000000 2.00000000 2.00000000 2.00000000 2.00000000 2.00000000 2.00000000 2.00000000 2.00000000 2.00000000 2.00000000 2.00000000 2.00000000 2.00000000 2.00000000 2.00000000 2.00000000 2.00000000 2.00000000 2.00000000 2.00000000 2.00000000 2.00000000 2.00000000
c= 26.0000000 26.0000000 26.0000000 26.0000000 26.0000000 26.0000000 26.0000000 26.0000000 26.0000000 26.0000000 26.0000000 26.0000000 26.0000000 26.0000000 26.0000000 26.0000000 26.0000000 26.0000000 26.0000000 26.0000000 26.0000000 26.0000000 26.0000000 26.0000000 26.0000000
exit 0
