a= 1.00000000 1.00000000 1.00000000 1.00000000 1.00000000 1.00000000 1.00000000 1.00000000 1.00000000 1.00000000 1.00000000 1.00000000 1.00000000 1.00000000 1.00000000 1.00000000 1.00000000 1.00000000 1.00000000 1.00000000 1.00000000 1.00000000 1.00000000 1.00000000 1.00000000
b= 2.00000000 2.00000000 2.00000000 2.00000000 2.00000000 2.00000000 2.00000000 2.00000000 2.00000000 2.00000000 2.00000000 2.00000000 2.00000000 2.00000000 2.00000000 2.00000000 2.00000000 2.00000000 2.00000000 2.00000000 2.00000000 2.00000000 2.00000000 2.00000000 2.00000000
c=  16.000000  41.000000  66.000000  91.000000 116.000000  21.000000  46.000000  71.000000  96.000000 121.000000  26.000000  51.000000  76.000000 101.000000 126.000000  31.000000  56.000000  81.000000 106.000000 131.000000  36.000000  61.000000  86.000000 111.000000 136.000000
exit 0
