RXM=  0.0000000RX=  1.0000000  1.0000000  1.0000000  1.0000000  1.0000000  2.0000000  2.0000000  2.0000000  2.0000000  2.0000000  3.0000000  3.0000000  3.0000000  3.0000000  3.0000000  4.0000000  4.0000000  4.0000000  4.0000000  4.0000000  5.0000000  5.0000000  5.0000000  5.0000000  5.0000000IRXM=         0JRXM=         0
RYM=  0.0000000RY=  1.0000000  2.0000000  3.0000000  4.0000000  5.0000000  1.0000000  2.0000000  3.0000000  4.0000000  5.0000000  1.0000000  2.0000000  3.0000000  4.0000000  5.0000000  1.0000000  2.0000000  3.0000000  4.0000000  5.0000000  1.0000000  2.0000000  3.0000000  4.0000000  5.0000000IRYM=         0JRYM=         0
exit 0
