a= 1.00000000 1.00000000 1.00000000 1.00000000 1.00000000 1.00000000 1.00000000 1.00000000 1.00000000 1.00000000 1.00000000 1.00000000 1.00000000 1.00000000 1.00000000 1.00000000 1.00000000 1.00000000 1.00000000 1.00000000 1.00000000 1.00000000 1.00000000 1.00000000 1.00000000
b= 1.00000000 1.00000000 1.00000000 1.00000000 1.00000000 2.00000000 2.00000000 2.00000000 2.00000000 2.00000000 2.00000000 2.00000000 2.00000000 2.00000000 2.00000000 2.00000000 2.00000000 2.00000000 2.00000000 2.00000000 2.00000000 2.00000000 2.00000000 2.00000000 2.00000000
c= 15.0000000 15.0000000 15.0000000 15.0000000 15.0000000 15.0000000 15.0000000 15.0000000 15.0000000 15.0000000 15.0000000 15.0000000 15.0000000 15.0000000 15.0000000 15.0000000 15.0000000 15.0000000 15.0000000 15.0000000 15.0000000 15.0000000 15.0000000 15.0000000 15.0000000
exit 0
