a= 1.00000000 1.00000000 1.00000000 1.00000000 1.00000000 1.00000000 1.00000000 1.00000000 1.00000000 1.00000000 1.00000000 1.00000000 1.00000000 1.00000000 1.00000000 1.00000000 1.00000000 1.00000000 1.00000000 1.00000000 1.00000000 1.00000000 1.00000000 1.00000000 1.00000000
b= 2.00000000 2.00000000 2.00000000 2.00000000 2.00000000 2.00000000 2.00000000 2.00000000 2.00000000 2.00000000 2.00000000 2.00000000 2.00000000 2.00000000 2.00000000 2.00000000 2.00000000 2.00000000 2.00000000 2.00000000 2.00000000 2.00000000 2.00000000 2.00000000 2.00000000
c= 16.0000000  4.0000000  4.0000000  4.0000000  4.0000000  7.0000000 16.0000000  4.0000000  4.0000000  4.0000000  7.0000000  7.0000000 16.0000000  4.0000000  4.0000000  7.0000000  7.0000000  7.0000000 16.0000000  4.0000000  7.0000000  7.0000000  7.0000000  7.0000000 16.0000000
exit 0
