RXM=  5.0000000RX=  1.0000000  1.0000000  1.0000000  1.0000000  1.0000000  2.0000000  2.0000000  2.0000000  2.0000000  2.0000000  3.0000000  3.0000000  3.0000000  3.0000000  3.0000000  4.0000000  4.0000000  4.0000000  4.0000000  4.0000000  5.0000000  5.0000000  5.0000000  5.0000000  5.0000000IRXM=         5JRXM=         5
RYM=  5.0000000RY=  1.0000000  2.0000000  3.0000000  4.0000000  5.0000000  1.0000000  2.0000000  3.0000000  4.0000000  5.0000000  1.0000000  2.0000000  3.0000000  4.0000000  5.0000000  1.0000000  2.0000000  3.0000000  4.0000000  5.0000000  1.0000000  2.0000000  3.0000000  4.0000000  5.0000000IRYM=         5JRYM=         5
exit 0
