===== va_arg_complex_float =====
r4     = -1.000000
c8[0]  = ( 0.000000 , 0.000000 )
c8[1]  = ( 1.000000 , 1.000000 )
c8[2]  = ( 2.000000 , 2.000000 )
c8[3]  = ( 3.000000 , 3.000000 )
c8[4]  = ( 4.000000 , 4.000000 )
c8[5]  = ( 5.000000 , 5.000000 )
c8[6]  = ( 6.000000 , 6.000000 )
c8[7]  = ( 7.000000 , 7.000000 )
c8[8]  = ( 8.000000 , 8.000000 )
c8[9]  = ( 9.000000 , 9.000000 )
c8[10]  = ( 10.000000 , 10.000000 )
c8[11]  = ( 11.000000 , 11.000000 )
c8[12]  = ( 12.000000 , 12.000000 )
c8[13]  = ( 13.000000 , 13.000000 )
c8[14]  = ( 14.000000 , 14.000000 )
c8[15]  = ( 15.000000 , 15.000000 )
===== va_arg_complex_double =====
r8     = -1.000000
c16[0] = ( 0.000000 , 0.000000 )
c16[1] = ( 1.000000 , 1.000000 )
c16[2] = ( 2.000000 , 2.000000 )
c16[3] = ( 3.000000 , 3.000000 )
c16[4] = ( 4.000000 , 4.000000 )
c16[5] = ( 5.000000 , 5.000000 )
c16[6] = ( 6.000000 , 6.000000 )
c16[7] = ( 7.000000 , 7.000000 )
===== va_arg_complex_long_double =====
r16    = -1.000000
c32[0] = ( 0.000000 , 0.000000 )
c32[1] = ( 1.000000 , 1.000000 )
c32[2] = ( 2.000000 , 2.000000 )
c32[3] = ( 3.000000 , 3.000000 )
exit 0
