===== va_arg_struct_r4r4 =====
r4     = -1.000000
r4r4[0]  = ( 0.000000 , 0.000000 )
r4r4[1]  = ( 1.000000 , 1.000000 )
r4r4[2]  = ( 2.000000 , 2.000000 )
r4r4[3]  = ( 3.000000 , 3.000000 )
r4r4[4]  = ( 4.000000 , 4.000000 )
r4r4[5]  = ( 5.000000 , 5.000000 )
r4r4[6]  = ( 6.000000 , 6.000000 )
r4r4[7]  = ( 7.000000 , 7.000000 )
r4r4[8]  = ( 8.000000 , 8.000000 )
r4r4[9]  = ( 9.000000 , 9.000000 )
r4r4[10]  = ( 10.000000 , 10.000000 )
r4r4[11]  = ( 11.000000 , 11.000000 )
r4r4[12]  = ( 12.000000 , 12.000000 )
r4r4[13]  = ( 13.000000 , 13.000000 )
r4r4[14]  = ( 14.000000 , 14.000000 )
r4r4[15]  = ( 15.000000 , 15.000000 )
===== va_arg_struct_r8r8 =====
r8     = -1.000000
r8r8[0] = ( 0.000000 , 0.000000 )
r8r8[1] = ( 1.000000 , 1.000000 )
r8r8[2] = ( 2.000000 , 2.000000 )
r8r8[3] = ( 3.000000 , 3.000000 )
r8r8[4] = ( 4.000000 , 4.000000 )
r8r8[5] = ( 5.000000 , 5.000000 )
r8r8[6] = ( 6.000000 , 6.000000 )
r8r8[7] = ( 7.000000 , 7.000000 )
===== va_arg_struct_r16r16 =====
r16    = -1.000000
r16r16[0] = ( 0.000000 , 0.000000 )
r16r16[1] = ( 1.000000 , 1.000000 )
r16r16[2] = ( 2.000000 , 2.000000 )
r16r16[3] = ( 3.000000 , 3.000000 )
===== va_arg_struct_c8c8 =====
r4     = -1.000000
c8c8[0] = ( 0.000000, 1.000000 , 2.000000, 3.000000 )
c8c8[1] = ( 1.000000, 2.000000 , 3.000000, 4.000000 )
c8c8[2] = ( 2.000000, 3.000000 , 4.000000, 5.000000 )
c8c8[3] = ( 3.000000, 4.000000 , 5.000000, 6.000000 )
===== va_arg_struct_i4i4 =====
i4     = 1
i4i4[0] = ( 0 , 1 )
i4i4[1] = ( 1 , 2 )
i4i4[2] = ( 2 , 3 )
i4i4[3] = ( 3 , 4 )
i4i4[4] = ( 4 , 5 )
i4i4[5] = ( 5 , 6 )
===== va_arg_struct_i4r8 =====
r8     = -1.000000
i4r8[0] = ( 0 , 0.000000 )
i4r8[1] = ( 1 , 1.000000 )
i4r8[2] = ( 2 , 2.000000 )
i4r8[3] = ( 3 , 3.000000 )
i4r8[4] = ( 4 , 4.000000 )
i4r8[5] = ( 5 , 5.000000 )
exit 0
