===== va_arg_float =====
i2     = -1
r4[0] = 0.000000
r4[1] = 1.000000
r4[2] = 2.000000
r4[3] = 3.000000
r4[4] = 4.000000
r4[5] = 5.000000
r4[6] = 6.000000
r4[7] = 7.000000
r4[8] = 8.000000
r4[9] = 9.000000
r4[10] = 10.000000
r4[11] = 11.000000
r4[12] = 12.000000
r4[13] = 13.000000
r4[14] = 14.000000
r4[15] = 15.000000
r4[16] = 16.000000
r4[17] = 17.000000
r4[18] = 18.000000
r4[19] = 19.000000
r4[20] = 20.000000
r4[21] = 21.000000
r4[22] = 22.000000
r4[23] = 23.000000
r4[24] = 24.000000
r4[25] = 25.000000
r4[26] = 26.000000
r4[27] = 27.000000
r4[28] = 28.000000
r4[29] = 29.000000
r4[30] = 30.000000
r4[31] = 31.000000
===== va_arg_double =====
i4     = -1
r8[0] = 0.000000
r8[1] = 1.000000
r8[2] = 2.000000
r8[3] = 3.000000
r8[4] = 4.000000
r8[5] = 5.000000
r8[6] = 6.000000
r8[7] = 7.000000
r8[8] = 8.000000
r8[9] = 9.000000
r8[10] = 10.000000
r8[11] = 11.000000
r8[12] = 12.000000
r8[13] = 13.000000
r8[14] = 14.000000
r8[15] = 15.000000
===== va_arg_long_double =====
i8     = -1
r16[0] = 0.000000
r16[1] = 1.000000
r16[2] = 2.000000
r16[3] = 3.000000
r16[4] = 4.000000
r16[5] = 5.000000
r16[6] = 6.000000
r16[7] = 7.000000
exit 0
