 i=50 j=10 
 m1 = 99 
 m2 = 100 
 sum(a) = 198000.000000 
 sum(c) = 320500.000000 
exit 0
