 i=50 j=10 
 sum(a) = 198000.000000 
 sum(b) = 320500.000000 
exit 0
