 ss = 98.000000 
 sum(a) = 9240000.000000 
exit 0
