 i=95 j=10 
 n = 95 
 sum(a) = 71073.000000 
 sum(c) = 92531.000000 
exit 0
