 i=97 j=10 
 n = 98 
 sum(a) = 116955.000000 
 sum(c) = 139673.000000 
 n = 0 
exit 0
