 i=100 j=10 
 ss = 30888.000000 
 sum(a) = 574200.000000 
exit 0
