 i=50 j=10 
 sum(a) = 67950.000000 
 sum(c) = 74900.000000 
 n = 50 
exit 0
