 i=49 j=10 
 n = 99 
 sum(a) = 72432.000000 
 sum(b) = 310920.000000 
exit 0
