 sum(a) = 9238911.000000 
 sum(c) = 8892276.000000 
exit 0
