 sum(a) = 72900.000000 
 sum(c) = 96050.000000 
 n = 99 
exit 0
