 i=100 j=1 
 sum(a) = 393284.000000 
 sum(c) = 390129.000000 
exit 0
