 i=100 j=10 
 ss = 5049.000000 
 sum(a) = 64845.000000 
exit 0
