 i=100 j=1 
 sum(a) = 9240000.000000 
 sum(c) = 8893355.000000 
exit 0
