 i=100 j=10 
 ss = 5148.000000 
 sum(a) = 397650.000000 
exit 0
