x = -9.589243 
y = 2.836622 
exit 0
