 #####  #####
 ----- TEST NO.1 ----- COMPLICATED CODE         
                       DEEPLY NESTED            
 RA1 = 3 -11 5 -15 1 8 21 23 11 27
      
 QA2 = -4 0 -2 3 4 1 3 4 4 3
       -3 -7 1 3 5 7 9 11 13 15
       -2 -6 4 7 10 13 16 19 22 25
       -1 -5 7 11 15 19 23 27 31 35
       0 -4 10 15 20 25 30 35 40 45
       1 -3 13 19 25 31 37 43 49 55
       2 -2 16 23 30 37 44 51 58 65
       3 -1 19 27 35 43 51 59 67 75
       4 0 22 31 40 49 58 67 76 85
       5 1 25 35 45 55 65 75 85 95
      
 DA1 = 2 6 10 14 18 22 26 30 34 38
      
 DA2 = -5 -3 -1 1 3 5 7 9 11 13
       -5 -3 -1 1 3 5 7 9 11 13
       -5 -3 -1 1 3 5 7 9 11 13
       -5 -3 -1 1 3 5 7 9 11 13
       -5 -3 -1 1 3 5 7 9 11 13
       -5 -3 -1 1 3 5 7 9 11 13
       -5 -3 -1 1 3 5 7 9 11 13
       -5 -3 -1 1 3 5 7 9 11 13
       -5 -3 -1 1 3 5 7 9 11 13
       -5 -3 -1 1 3 5 7 9 11 13
      
 DC1 = 1 2 3 4 5 6 7 8 9 10
      
 IA1 = 0 -1 0 -9 -6 -3 0 3 6 9
      
 IB1 = -6 -5 -4 -3 -2 -1 0 1 2 3
      
 IC1 = 4 5 6 7 8 9 10 11 12 13
      
 DP1 = 3 6 9 12 15 18 21 24 27 30
      
 DM1 = 9 12 9 12 9 12 14 16 18 20
      
exit 0
