 C10  = (1,0)   C10  = (2,0)   C10  = (3,0)   C10  = (4,0)   C10  = (5,0)   C10  = (6,0)   C10  = (7,0)   C10  = (8,0)   C10  = (9,0)   C10  = (10,0)   
 DV10 = 55  
 D20  =  1  D20  =  0  D20  =  27  D20  =  0  D20  =  32  D20  =  0  D20  =  1  D20  =  0  D20  =  19683  D20  =  0  
 L12  =  0  L12  =  1  L12  =  0  L12  =  0  L12  =  0  L12  =  1  L12  =  0  L12  =  0  L12  =  0  L12  =  1  
 C13  = (2,2)  C13  = (1,0.5)  C13  = (2,2)  C13  = (0.5,0.375)  C13  = (2,2)  C13  = (0.333333,0.277778)  C13  = (2,2)  C13  = (0.25,0.21875)  C13  = (2,2)  C13  = (0.2,0.18)  
 R11V =  2  
 D10  =  0  D10  =  0  D10  =  0  D10  =  0  D10  =  1  D10  =  0  D10  =  0  D10  =  0  D10  =  0  D10  =  0  
exit 0
