 S1 = 0  L10 
 0  1  0  1  0  1  0  1  0  1 
 0  1  0  1  0  1  0  1  0  1 
 0  1  0  1  0  1  0  1  0  1 
 0  1  0  1  0  1  0  1  0  1 
 0  1  0  1  0  1  0  1  0  1 
 0  1  0  1  0  1  0  1  0  1 
 0  1  0  1  0  1  0  1  0  1 
 0  1  0  1  0  1  0  1  0  1 
 0  1  0  1  0  1  0  1  0  1 
 0  1  0  1  0  1  0  1  0  1 

 I10 
 3  12  21  5  6  7  8  9  10  11 
 12  30  48  6  7  8  9  10  11  12 
 27  54  81  7  8  9  10  11  12  13 
 5  6  7  150  9  10  11  12  13  14 
 6  7  8  9  10  11  12  13  14  15 
 7  8  9  10  11  12  13  14  15  16 
 8  9  10  11  12  13  14  15  16  17 
 9  10  11  12  13  14  15  16  17  18 
 10  11  12  13  14  15  16  17  18  19 
 11  12  13  14  15  16  17  18  19  20 

 R10 
 7  20  33  6  5  12  9  8  9  10 
 10  26  42  8  12  12  24  18  18  20 
 13  32  51  12  15  18  21  36  27  30 
 4  8  12  24  20  24  28  32  48  40 
 5  10  15  20  30  30  35  40  45  60 
 6  12  18  24  30  36  42  48  54  60 
 7  14  21  28  35  42  49  56  63  70 
 8  16  24  32  40  48  56  64  72  80 
 9  18  27  36  45  54  63  72  81  90 
 10  20  30  40  50  60  70  80  90  100 

 R11 
 3  6  9  12  15  18  21  24  27  30 
 6  12  18  24  30  36  42  48  54  60 
 9  18  27  36  45  54  63  72  81  90 
 12  24  36  48  60  72  84  96  108  120 
 15  30  45  60  75  90  105  120  135  150 
 18  36  54  72  90  108  126  144  162  180 
 21  42  63  84  105  126  147  168  189  210 
 24  48  72  96  120  144  168  192  216  240 
 27  54  81  108  135  162  189  216  243  270 
 30  60  90  120  150  180  210  240  270  300 

 D10 
 40  6  8  10  12  14  16  18  20  22 
 6  52  10  12  14  16  18  20  22  24 
 8  10  64  14  16  18  20  22  24  26 
 10  12  14  16  18  20  22  24  26  28 
 12  14  16  18  20  22  24  26  28  30 
 14  16  18  20  22  24  26  28  30  32 
 16  18  20  22  24  26  28  30  32  34 
 18  20  22  24  26  28  30  32  34  36 
 20  22  24  26  28  30  32  34  36  38 
 22  24  26  28  30  32  34  36  38  40 

exit 0
