 max :  4294967295(ffffffff)->4294967296.000000 
 min :           0(       0)->0.000000 
 mid1:  2147483647(7fffffff)->2147483648.000000 
 mid2:  2147483648(80000000)->2147483648.000000 
exit 0
