c[0][0]=10.000000 c[0][1]=10.000000 c[0][2]=10.000000 c[0][3]=10.000000 c[0][4]=10.000000 
c[1][0]=12.000000 c[1][1]=12.000000 c[1][2]=12.000000 c[1][3]=12.000000 c[1][4]=12.000000 
c[2][0]=14.000000 c[2][1]=14.000000 c[2][2]=14.000000 c[2][3]=14.000000 c[2][4]=14.000000 
c[3][0]=16.000000 c[3][1]=16.000000 c[3][2]=16.000000 c[3][3]=16.000000 c[3][4]=16.000000 
c[4][0]=18.000000 c[4][1]=18.000000 c[4][2]=18.000000 c[4][3]=18.000000 c[4][4]=18.000000 
c[5][0]=0.000000 c[5][1]=5.000000 c[5][2]=10.000000 c[5][3]=15.000000 c[5][4]=20.000000 
c[6][0]=0.000000 c[6][1]=6.000000 c[6][2]=12.000000 c[6][3]=18.000000 c[6][4]=24.000000 
c[7][0]=0.000000 c[7][1]=7.000000 c[7][2]=14.000000 c[7][3]=21.000000 c[7][4]=28.000000 
c[8][0]=0.000000 c[8][1]=8.000000 c[8][2]=16.000000 c[8][3]=24.000000 c[8][4]=32.000000 
c[9][0]=0.000000 c[9][1]=9.000000 c[9][2]=18.000000 c[9][3]=27.000000 c[9][4]=36.000000 
exit 0
