 x1: 5.00000000 10
 x2: 5.00000000 10
exit 0
