sum1 = 1637.500000
sum2 = 1637.500000
exit 0
