sum1 = 245.000000
sum2 = 61.250000
exit 0
