 ra[1][0] = 2.000000
 ra[1][1] = 2.000000
 ra[1][2] = 2.000000
 ra[1][3] = 2.000000
 ra[1][4] = 2.000000
exit 0
