 P070743 optimization test 
 P070743 optimization test END 
 fa[0]:0.000000 fb[0]:3.000000 
 fa[1]:1.000000 fb[1]:7.000000 
 fa[2]:4.000000 fb[2]:14.000000 
 fa[3]:9.000000 fb[3]:26.000000 
 fa[4]:16.000000 fb[4]:45.000000 
 fa[5]:25.000000 fb[5]:73.000000 
 fa[6]:36.000000 fb[6]:112.000000 
 fa[7]:49.000000 fb[7]:164.000000 
 fa[8]:64.000000 fb[8]:231.000000 
 fa[9]:81.000000 fb[9]:315.000000 
 da[0]:0.000000 db[0]:3.000000 
 da[1]:1.000000 db[1]:6.000000 
 da[2]:4.000000 db[2]:27.000000 
 da[3]:9.000000 db[3]:246.000000 
 da[4]:16.000000 db[4]:3939.000000 
 da[5]:25.000000 db[5]:98478.000000 
 da[6]:36.000000 db[6]:3545211.000000 
 da[7]:49.000000 db[7]:173715342.000000 
 da[8]:64.000000 db[8]:11117781891.000000 
 da[9]:81.000000 db[9]:900540333174.000000 
 ia[0]:0 ib[0]:3 
 ia[1]:1 ib[1]:5 
 ia[2]:4 ib[2]:4 
 ia[3]:9 ib[3]:-2 
 ia[4]:16 ib[4]:-15 
 ia[5]:25 ib[5]:-37 
 ia[6]:36 ib[6]:-70 
 ia[7]:49 ib[7]:-116 
 ia[8]:64 ib[8]:-177 
 ia[9]:81 ib[9]:-255 
exit 0
