k = 280.000000
k1 = 460.000000
k2 = 7.000000
k3 = 7.000000
exit 0
