 sub a=2.000000 b=1.000000 
 C1=(1.000000,2.000000) 
 C2=(2.000000,1.000000) 
 C3=(3.000000,2.000000) 
exit 0
