a[0][0] = 1  a[0][1] = 2  a[0][2] = 3  a[0][3] = 4  a[0][4] = 5
a[1][0] = 1  a[1][1] = 1  a[1][2] = 8  a[1][3] = 9  a[1][4] = 0
a[2][0] = 6  a[2][1] = 2  a[2][2] = 7  a[2][3] = 4  a[2][4] = 5
a[3][0] = 1  a[3][1] = 7  a[3][2] = 8  a[3][3] = 3  a[3][4] = 0
a[4][0] = 1  a[4][1] = 2  a[4][2] = 3  a[4][3] = 4  a[4][4] = 5
b = 6.000000  d = 5.500000  e = 14.500000  f = 2.500000 
exit 0
