r[0][0]=20 
l[0][0]=24.500000  
r[0][1]=20 
l[0][1]=24.500000  
r[0][2]=20 
l[0][2]=24.500000  
r[0][3]=20 
l[0][3]=24.500000  
r[0][4]=20 
l[0][4]=24.500000  
r[1][0]=20 
l[1][0]=24.500000  
r[1][1]=20 
l[1][1]=24.500000  
r[1][2]=20 
l[1][2]=24.500000  
r[1][3]=20 
l[1][3]=24.500000  
r[1][4]=20 
l[1][4]=24.500000  
r[2][0]=20 
l[2][0]=24.500000  
r[2][1]=20 
l[2][1]=24.500000  
r[2][2]=20 
l[2][2]=24.500000  
r[2][3]=20 
l[2][3]=24.500000  
r[2][4]=20 
l[2][4]=24.500000  
r[3][0]=20 
l[3][0]=24.500000  
r[3][1]=20 
l[3][1]=24.500000  
r[3][2]=20 
l[3][2]=24.500000  
r[3][3]=20 
l[3][3]=24.500000  
r[3][4]=20 
l[3][4]=24.500000  
r[4][0]=20 
l[4][0]=24.500000  
r[4][1]=20 
l[4][1]=24.500000  
r[4][2]=20 
l[4][2]=24.500000  
r[4][3]=20 
l[4][3]=24.500000  
r[4][4]=20 
l[4][4]=24.500000  
exit 0
