b[0] = 10.300000 
b[1] = 9.600000 
b[2] = 8.800000 
b[3] = 7.900000 
b[4] = 6.500000 
b[5] = 5.200000 
exit 0
