C=   0.738905621E+01   0.200855370E+02   0.545981483E+02
D=   0.200855370E+02   0.545981483E+02   0.148413162E+03
G=   0.207944155E+01   0.207944155E+01   0.207944155E+01
H=   0.439444923E+01   0.439444923E+01   0.439444923E+01
X=   0.461332227E+04   0.528494304E+09   0.514842682E+24
exit 0
