 A= 2. 4. 8.
 B= 3. 9. 27.
 G= .9092974268256817 -.7568024953079282 .9893582466233818
 H= .1411200080598672 .4121184852417566 .956375928404503
 G+H= 1.050417423248291 -.34468400478363037 1.9457341432571411
exit 0
