 A= 2. 3. 4.
 B= 3. 4. 5.
 C= .9092974268256817 .1411200080598672 -.7568024953079282
 D= .1411200080598672 -.7568024953079282 -.9589242746631384
 G= .9893582466233818 .9893582466233818 .9893582466233818
 H= -.6298879942744538 -.6298879942744538 -.6298879942744538
 X= 1.5060973145850306E+35 1.5060973145850306E+35 1.5060973145850306E+35
exit 0
