 C= .9092974268256817 .1411200080598672 -.7568024953079282
 D= -.9899924966004454 -.6536436208636119 .28366218546322624
 G= 2.0794415416798357 2.0794415416798357 2.0794415416798357
 H= 4.394449154672439 4.394449154672439 4.394449154672439
 X= 1.5060973145850306E+35 1.5060973145850306E+35 1.5060973145850306E+35
 Y= .1411200080598672 -.7568024953079282 -.9589242746631384
 Z= -.4161468365471424 -.9899924966004454 -.6536436208636119
exit 0
