 C= 7.389056 20.085537 54.59815
 D= 20.085537 54.59815 148.41316
 G= 2980.958 2980.958 2980.958
 H= 1.5060974E+35 1.5060974E+35 1.5060974E+35
 X= 1.5060974E+35 1.5060974E+35 1.5060974E+35
exit 0
