 A= 2. 3. 4.
 B= 3. 4. 5.
 C= .9092974268256817 .1411200080598672 -.7568024953079282
 D= .1411200080598672 -.7568024953079282 -.9589242746631384
 C+D= 1.050417423248291 -.6156824827194214 -1.7157268524169921
exit 0
