 A= 2. 3. 4.
 B= 3. 4. 5.
 C= 7.38905609893065 20.085536923187668 54.598150033144236
 D= 20.085536923187668 54.598150033144236 148.4131591025766
 E= 8. 8. 8.
 F= 81. 81. 81.
 G= 2980.9579870417283 2980.9579870417283 2980.9579870417283
 H= 1.5060973145850306E+35 1.5060973145850306E+35 1.5060973145850306E+35
 X= 1.5060973145850306E+35 1.5060973145901791E+35 2.851123567946141E+64
exit 0
