 C= .1411200080598672 -.7568024953079282 -.7568024953079282 -.9589242746631384
 D= -.7568024953079282 -.9589242746631384 -.9589242746631384
 -.27941549819892586
 G= 2.0794415416798357 2.0794415416798357 2.0794415416798357 2.0794415416798357
 H= 4.394449154672439 4.394449154672439 4.394449154672439 4.394449154672439
 X= 1.5060973145850306E+35 1.5060973145850306E+35 1.5060973145850306E+35
 1.5060973145850306E+35
exit 0
