 A= 406.115245997399 3390.494797140738 532048241033.3203
 A= 406.115234375 3390.494873046875 532048248832.
exit 0
