 A= 2. 3. 4.
 B= 3. 4. 5.
 C= .9092974268256817 .1411200080598672 -.7568024953079282
 D= .1411200080598672 -.7568024953079282 -.9589242746631384
 E= 8. 8. 8.
 F= 81. 81. 81.
 G= .9893582466233818 .9893582466233818 .9893582466233818
 H= -.6298879942744538 -.6298879942744538 -.6298879942744538
 X= 2991.774267595245 2989.801527826114 2988.3526003980983
exit 0
