C = 0.73890562E+01 0.20085537E+02 0.54598148E+02
D = 0.20085537E+02 0.54598148E+02 0.14841316E+03
G = 0.20794415E+01 0.20794415E+01 0.20794415E+01
H = 0.43944492E+01 0.43944492E+01 0.43944492E+01
X = 0.46133223E+04 0.52849430E+09 0.51484268E+24
exit 0
