 C= 20.085536923187668 54.598150033144236 54.598150033144236 148.4131591025766
 D= 1.3862943611198905 1.6094379124341002 1.6094379124341002 1.791759469228055
 G= -.14550003380861354 -.14550003380861354 -.14550003380861354
 -.14550003380861354
 H= -.6298879942744538 -.6298879942744538 -.6298879942744538 -.6298879942744538
 X= 33.0411365846081 66.65237142637912 66.65237142637912 160.79154789116114
exit 0
