 A= 2. 5. 4. 5. 6. 5. 8. 5. 10. 5.
 B= 3. 5. 5. 5. 7. 5. 9. 5. 11. 5.
 C= 7.38905609893065 5. 54.598150033144236 5. 403.4287934927351 5.
 2980.9579870417283 5. 22026.465794806718 5.
 D= 20.085536923187668 5. 148.4131591025766 5. 1096.6331584284585 5.
 8103.083927575384 5. 59874.14171519782 5.
 E= 2. 5. 8. 5. 32. 5. 128. 5. 512. 5.
 F= 1. 5. 81. 5. 625. 5. 2401. 5. 6561. 5.
 G= 2. 5. 512. 5. 33554432. 5. 562949953421312. 5. 2.4178516392292584E+24 5.
 H= 1. 5. 531441. 5. 95367431640625. 5. 4.5998653654474E+23 5.
 2.252839954493917E+34 5.
 X= .9546648275565348 5. 6.38785368288087 5. 33.83455916024854 5.
 124.72610848540032 5. 509.34550910233076
exit 0
