 C= -.9899924966004454 -.6536436208636119 -.6536436208636119 .28366218546322624
 D= 54.598150033144236 148.4131591025766 148.4131591025766 403.4287934927351
 G= 2980.9579870417283 2980.9579870417283 2980.9579870417283 2980.9579870417283
 H= .7766859820216312 .7766859820216312 .7766859820216312 .7766859820216312
 X= 1.5060973145850306E+35 1.5060973145850306E+35 1.5060973145850306E+35
 1.5060973145850306E+35
exit 0
