 A= 2. 3. 4.
 B= 3. 4. 5.
 C= .9092974268256817 .1411200080598672 -.7568024953079282
 D= .1411200080598672 -.7568024953079282 -.9589242746631384
 E= 8. 8. 8.
 F= 81. 81. 81.
 G= -.14550003380861354 -.14550003380861354 -.14550003380861354
 H= .7766859820216312 .7766859820216312 .7766859820216312
 X= 2998.7783362301584 2997.4580698685777 2997.200637651001
exit 0
