 A(1)= 1.8749238809545756
 B(1)= 3.874923880954576
exit 0
