 C= 20.085536923187668 54.598150033144236 54.598150033144236 148.4131591025766
 D= 54.598150033144236 148.4131591025766 148.4131591025766 403.4287934927351
 G= 2980.9579870417283 2980.9579870417283 2980.9579870417283 2980.9579870417283
 H= 1.5060973145850306E+35 1.5060973145850306E+35 1.5060973145850306E+35
 1.5060973145850306E+35
 X= 1.5060973145850306E+35 1.5060973145901791E+35 1.5060973145901791E+35
 2.851123567946141E+64
exit 0
