 A= 2. 3. 4.
 B= 3. 4. 5.
 C= 7.38905609893065 20.085536923187668 54.598150033144236
 E= 7.38905609893065 20.085536923187668 54.598150033144236
 D= 20.085536923187668 54.598150033144236 148.4131591025766
 F= 20.085536923187668 54.598150033144236 148.4131591025766
 G= 7.389056205749512 20.08553695678711 54.598148345947266
exit 0
