 A= 2. 3. 4.
 B= 3. 4. 5.
 C= .6931472 1.0986123 1.3862944
 D= 20.085537 54.59815 148.41316
 E= 8. 8. 8.
 F= 81. 81. 81.
 G= 2.0794415 2.0794415 2.0794415
 H= 4.394449 4.394449 4.394449
 X= 1.5060974E+35 1.5060974E+35 1.5060974E+35
exit 0
