 A= 2. 3. 4.
 B= 3. 4. 5.
 C= 7.38905609893065 20.085536923187668 54.598150033144236
 D= 20.085536923187668 54.598150033144236 148.4131591025766
 C+D= 27.474594116210937 74.68368530273437 203.0113067626953
exit 0
