 A= 489.2198183764567 3998.8268831629193 532048249942.16894
 A= 489.2198181152344 3998.826904296875 532048248832.
exit 0
