 A= 2. 3. 4.
 B= 3. 4. 5.
 C= .9092974268256817 .1411200080598672 -.7568024953079282
 D= .1411200080598672 -.7568024953079282 -.9589242746631384
 E= 2. 4. 8.
 F= 3. 9. 27.
 G= .9092974268256817 -.7568024953079282 .9893582466233818
 H= .1411200080598672 .4121184852417566 .956375928404503
 X= 18.205336652447215 63.441690817530045 2988.3526003980983
 Y= 18.205336652447215 63.441690817530045 2988.3526003980983
exit 0
