real : 6  3  2  1.5  1.2  
imag : 0  1  2  3  4  
abs : 6  3.16228  2.82843  3.3541  4.17612  
norm : 36  10  8  11.25  17.44  
arg : 0  0.321751  0.785398  1.10715  1.27934  
conj : (6,-0)  (3,-1)  (2,-2)  (1.5,-3)  (1.2,-4)  
sin : (-0.279415,0)  (0.21776,-1.16344)  (3.42095,-1.50931)  (10.0424,0.708636)  (25.4523,9.88871)  
cos : (0.96017,0)  (-1.52764,-0.165844)  (-1.56563,-3.29789)  (0.712158,-9.99278)  (9.89535,-25.4353)  
tan : (-0.291006,0)  (-0.0591685,0.768018)  (-0.028393,1.02384)  (0.000703049,1.00492)  (0.00045341,1.00049)  
sinh : (201.713,0)  (5.41268,8.47165)  (-1.50931,3.42095)  (-2.10797,0.331972)  (-0.98665,-1.37031)  
cosh : (201.716,0)  (5.43958,8.42975)  (-1.56563,3.29789)  (-2.32887,0.300484)  (-1.18352,-1.14236)  
tanh : (0.999988,0)  (1.00205,0.00451714)  (1.02384,-0.028393)  (0.908417,-0.0253373)  (1.01012,0.182827)  
log : (1.79176,0)  (1.15129,0.321751)  (1.03972,0.785398)  (1.21018,1.10715)  (1.42938,1.27934)  
log10 : (0.778151,0)  (0.5,0.139734)  (0.451545,0.341094)  (0.525576,0.480829)  (0.620773,0.55561)  
exp : (403.429,0)  (10.8523,16.9014)  (-3.07493,6.71885)  (-4.43684,0.632456)  (-2.17017,-2.51267)  
sqrt : (2.44949,0)  (1.75532,0.284849)  (1.55377,0.643594)  (1.5579,0.962835)  (1.63953,1.21986)  
pow : (46656,0)  (-11.8982,19.5929)  (-1.4525,-0.80989)  (0.121322,-0.185627)  (0.0188386,0.027463)  
exit 0
