 *****  *****
 ***** [0] *****
 d[0]= 12.000000  g[0]= 0.000000 
 e[0][0]= 0.000000 e[0][1]= 0.000000 e[0][2]= 0.000000 e[0][3]= 0.000000
 e[0][4]= 0.000000 e[0][5]= 0.000000 e[0][6]= 0.000000 e[0][7]= 0.000000
 e[0][8]= 0.000000 e[0][9]= 0.000000 a[0]= 2.000000  b[0]= 8.000000 
 ***** [1] *****
 d[1]= 12.000000  g[1]= -4.000000 
 e[1][0]= 0.000000 e[1][1]= 0.000000 e[1][2]= 0.000000 e[1][3]= 0.000000
 e[1][4]= 0.000000 e[1][5]= 0.000000 e[1][6]= 0.000000 e[1][7]= 0.000000
 e[1][8]= 0.000000 e[1][9]= 0.000000 a[1]= 2.000000  b[1]= 8.000000 
 ***** [2] *****
 d[2]= 12.000000  g[2]= -4.000000 
 e[2][0]= 0.000000 e[2][1]= 0.000000 e[2][2]= 0.000000 e[2][3]= 0.000000
 e[2][4]= 0.000000 e[2][5]= 0.000000 e[2][6]= 0.000000 e[2][7]= 0.000000
 e[2][8]= 0.000000 e[2][9]= 0.000000 a[2]= 2.000000  b[2]= 8.000000 
 ***** [3] *****
 d[3]= 12.000000  g[3]= -4.000000 
 e[3][0]= 0.000000 e[3][1]= 0.000000 e[3][2]= 0.000000 e[3][3]= 0.000000
 e[3][4]= 0.000000 e[3][5]= 0.000000 e[3][6]= 0.000000 e[3][7]= 0.000000
 e[3][8]= 0.000000 e[3][9]= 0.000000 a[3]= 2.000000  b[3]= 8.000000 
 ***** [4] *****
 d[4]= 12.000000  g[4]= -4.000000 
 e[4][0]= 0.000000 e[4][1]= 0.000000 e[4][2]= 0.000000 e[4][3]= 0.000000
 e[4][4]= 0.000000 e[4][5]= 0.000000 e[4][6]= 0.000000 e[4][7]= 0.000000
 e[4][8]= 0.000000 e[4][9]= 0.000000 a[4]= 2.000000  b[4]= 8.000000 
 ***** [5] *****
 d[5]= 12.000000  g[5]= -4.000000 
 e[5][0]= 0.000000 e[5][1]= 0.000000 e[5][2]= 0.000000 e[5][3]= 0.000000
 e[5][4]= 0.000000 e[5][5]= 0.000000 e[5][6]= 0.000000 e[5][7]= 0.000000
 e[5][8]= 0.000000 e[5][9]= 0.000000 a[5]= 2.000000  b[5]= 8.000000 
 ***** [6] *****
 d[6]= 12.000000  g[6]= -4.000000 
 e[6][0]= 0.000000 e[6][1]= 0.000000 e[6][2]= 0.000000 e[6][3]= 0.000000
 e[6][4]= 0.000000 e[6][5]= 0.000000 e[6][6]= 0.000000 e[6][7]= 0.000000
 e[6][8]= 0.000000 e[6][9]= 0.000000 a[6]= 2.000000  b[6]= 8.000000 
 ***** [7] *****
 d[7]= 12.000000  g[7]= -4.000000 
 e[7][0]= 0.000000 e[7][1]= 0.000000 e[7][2]= 0.000000 e[7][3]= 0.000000
 e[7][4]= 0.000000 e[7][5]= 0.000000 e[7][6]= 0.000000 e[7][7]= 0.000000
 e[7][8]= 0.000000 e[7][9]= 0.000000 a[7]= 2.000000  b[7]= 8.000000 
 ***** [8] *****
 d[8]= 12.000000  g[8]= -4.000000 
 e[8][0]= 0.000000 e[8][1]= 0.000000 e[8][2]= 0.000000 e[8][3]= 0.000000
 e[8][4]= 0.000000 e[8][5]= 0.000000 e[8][6]= 0.000000 e[8][7]= 0.000000
 e[8][8]= 0.000000 e[8][9]= 0.000000 a[8]= 2.000000  b[8]= 8.000000 
 ***** [9] *****
 d[9]= 12.000000  g[9]= 0.000000 
 e[9][0]= 0.000000 e[9][1]= 0.000000 e[9][2]= 0.000000 e[9][3]= 0.000000
 e[9][4]= 0.000000 e[9][5]= 0.000000 e[9][6]= 0.000000 e[9][7]= 0.000000
 e[9][8]= 0.000000 e[9][9]= 0.000000 a[9]= 2.000000  b[9]= 8.000000 
exit 0
