 *****  ****
                      *****   [0]   ****
 a1[0]= 8.000000 a2[0]= 8.000000   a11[0]= 100.000000 a22[0]= 4.000000 
 a111[0]= 4.000000 a222[0]= 100.000000 
 m[0]= 6 c2[0]= 1.000000 
 c11[0]= 2.000000 c111[0]= 2.000000 
                      *****   [1]   ****
 a1[1]= 8.000000 a2[1]= 8.000000   a11[1]= 100.000000 a22[1]= 4.000000 
 a111[1]= 4.000000 a222[1]= 100.000000 
 m[1]= 12 c2[1]= 1.000000 
 c11[1]= 2.000000 c111[1]= 2.000000 
                      *****   [2]   ****
 a1[2]= 8.000000 a2[2]= 8.000000   a11[2]= 100.000000 a22[2]= 4.000000 
 a111[2]= 4.000000 a222[2]= 100.000000 
 m[2]= 18 c2[2]= 1.000000 
 c11[2]= 2.000000 c111[2]= 2.000000 
                      *****   [3]   ****
 a1[3]= 8.000000 a2[3]= 8.000000   a11[3]= 100.000000 a22[3]= 4.000000 
 a111[3]= 4.000000 a222[3]= 100.000000 
 m[3]= 24 c2[3]= 1.000000 
 c11[3]= 2.000000 c111[3]= 2.000000 
                      *****   [4]   ****
 a1[4]= 8.000000 a2[4]= 8.000000   a11[4]= 100.000000 a22[4]= 4.000000 
 a111[4]= 4.000000 a222[4]= 100.000000 
 m[4]= 30 c2[4]= 1.000000 
 c11[4]= 2.000000 c111[4]= 2.000000 
                      *****   [5]   ****
 a1[5]= 8.000000 a2[5]= 8.000000   a11[5]= 100.000000 a22[5]= 4.000000 
 a111[5]= 4.000000 a222[5]= 100.000000 
 m[5]= 36 c2[5]= 1.000000 
 c11[5]= 2.000000 c111[5]= 2.000000 
                      *****   [6]   ****
 a1[6]= 8.000000 a2[6]= 8.000000   a11[6]= 100.000000 a22[6]= 4.000000 
 a111[6]= 4.000000 a222[6]= 100.000000 
 m[6]= 42 c2[6]= 1.000000 
 c11[6]= 2.000000 c111[6]= 2.000000 
                      *****   [7]   ****
 a1[7]= 8.000000 a2[7]= 8.000000   a11[7]= 100.000000 a22[7]= 4.000000 
 a111[7]= 4.000000 a222[7]= 100.000000 
 m[7]= 48 c2[7]= 1.000000 
 c11[7]= 2.000000 c111[7]= 2.000000 
                      *****   [8]   ****
 a1[8]= 8.000000 a2[8]= 8.000000   a11[8]= 100.000000 a22[8]= 4.000000 
 a111[8]= 4.000000 a222[8]= 100.000000 
 m[8]= 54 c2[8]= 1.000000 
 c11[8]= 2.000000 c111[8]= 2.000000 
                      *****   [9]   ****
 a1[9]= 8.000000 a2[9]= 8.000000   a11[9]= 100.000000 a22[9]= 4.000000 
 a111[9]= 4.000000 a222[9]= 100.000000 
 m[9]= 60 c2[9]= 1.000000 
 c11[9]= 2.000000 c111[9]= 2.000000 
exit 0
