
*****  *****
***** [0] *****
 a1[0]= 3.000000  a2[0]= -1.000000 
 a3[0]= 2.000000  a4[0]= 0.500000 
 c[0]= 2.000000 
***** [1] *****
 a1[1]= 3.000000  a2[1]= -1.000000 
 a3[1]= 2.000000  a4[1]= 0.500000 
 c[1]= 2.000000 
***** [2] *****
 a1[2]= 3.000000  a2[2]= -1.000000 
 a3[2]= 2.000000  a4[2]= 0.500000 
 c[2]= 2.000000 
***** [3] *****
 a1[3]= 3.000000  a2[3]= -1.000000 
 a3[3]= 2.000000  a4[3]= 0.500000 
 c[3]= 2.000000 
***** [4] *****
 a1[4]= 3.000000  a2[4]= -1.000000 
 a3[4]= 2.000000  a4[4]= 0.500000 
 c[4]= 2.000000 
***** [5] *****
 a1[5]= 3.000000  a2[5]= -1.000000 
 a3[5]= 2.000000  a4[5]= 0.500000 
 c[5]= 2.000000 
***** [6] *****
 a1[6]= 3.000000  a2[6]= -1.000000 
 a3[6]= 2.000000  a4[6]= 0.500000 
 c[6]= 2.000000 
***** [7] *****
 a1[7]= 3.000000  a2[7]= -1.000000 
 a3[7]= 2.000000  a4[7]= 0.500000 
 c[7]= 2.000000 
***** [8] *****
 a1[8]= 3.000000  a2[8]= -1.000000 
 a3[8]= 2.000000  a4[8]= 0.500000 
 c[8]= 2.000000 
***** [9] *****
 a1[9]= 3.000000  a2[9]= -1.000000 
 a3[9]= 2.000000  a4[9]= 0.500000 
 c[9]= 2.000000 
***** s2 *****
 s2= 1.000000 
exit 0
