 *****  ****
 a[0]= 0.909297  b[0]= 2.000000  c[0]= 0.909297 
 a[1]= 0.909297  b[1]= 2.000000  c[1]= 0.909297 
 a[2]= 0.909297  b[2]= 2.000000  c[2]= 0.909297 
 a[3]= 0.909297  b[3]= 2.000000  c[3]= 0.909297 
 a[4]= 0.909297  b[4]= 2.000000  c[4]= 0.909297 
 a[5]= 0.909297  b[5]= 2.000000  c[5]= 0.909297 
 a[6]= 0.909297  b[6]= 2.000000  c[6]= 0.909297 
 a[7]= 0.909297  b[7]= 2.000000  c[7]= 0.909297 
 a[8]= 0.909297  b[8]= 2.000000  c[8]= 0.909297 
 a[9]= 0.909297  b[9]= 2.000000  c[9]= 0.909297 
exit 0
