 *****  *****
 ***** [0] *****
 d[0]= 100.000000  g[0]= 212.000000 
 e[0][0]= 72.000000  e[0][1]= 160.000000 
 e[0][2]= 248.000000  e[0][3]= 336.000000 
 e[0][4]= 424.000000  e[0][5]= 0.000000 
 e[0][6]= 0.000000  e[0][7]= 0.000000 
 e[0][8]= 0.000000  e[0][9]= 0.000000 
 c[0]= 8.000000  f[0]= 112.000000 
 ***** [1] *****
 d[1]= 100.000000  g[1]= 212.000000 
 e[1][0]= 72.000000  e[1][1]= 160.000000 
 e[1][2]= 248.000000  e[1][3]= 336.000000 
 e[1][4]= 424.000000  e[1][5]= 0.000000 
 e[1][6]= 0.000000  e[1][7]= 0.000000 
 e[1][8]= 0.000000  e[1][9]= 0.000000 
 c[1]= 8.000000  f[1]= 112.000000 
 ***** [2] *****
 d[2]= 100.000000  g[2]= 212.000000 
 e[2][0]= 72.000000  e[2][1]= 160.000000 
 e[2][2]= 248.000000  e[2][3]= 336.000000 
 e[2][4]= 424.000000  e[2][5]= 0.000000 
 e[2][6]= 0.000000  e[2][7]= 0.000000 
 e[2][8]= 0.000000  e[2][9]= 0.000000 
 c[2]= 8.000000  f[2]= 112.000000 
 ***** [3] *****
 d[3]= 100.000000  g[3]= 212.000000 
 e[3][0]= 72.000000  e[3][1]= 160.000000 
 e[3][2]= 248.000000  e[3][3]= 336.000000 
 e[3][4]= 424.000000  e[3][5]= 0.000000 
 e[3][6]= 0.000000  e[3][7]= 0.000000 
 e[3][8]= 0.000000  e[3][9]= 0.000000 
 c[3]= 8.000000  f[3]= 112.000000 
 ***** [4] *****
 d[4]= 100.000000  g[4]= 212.000000 
 e[4][0]= 72.000000  e[4][1]= 160.000000 
 e[4][2]= 248.000000  e[4][3]= 336.000000 
 e[4][4]= 424.000000  e[4][5]= 0.000000 
 e[4][6]= 0.000000  e[4][7]= 0.000000 
 e[4][8]= 0.000000  e[4][9]= 0.000000 
 c[4]= 8.000000  f[4]= 112.000000 
 ***** [5] *****
 d[5]= 100.000000  g[5]= 212.000000 
 e[5][0]= 72.000000  e[5][1]= 160.000000 
 e[5][2]= 248.000000  e[5][3]= 336.000000 
 e[5][4]= 424.000000  e[5][5]= 0.000000 
 e[5][6]= 0.000000  e[5][7]= 0.000000 
 e[5][8]= 0.000000  e[5][9]= 0.000000 
 c[5]= 8.000000  f[5]= 112.000000 
 ***** [6] *****
 d[6]= 100.000000  g[6]= 212.000000 
 e[6][0]= 72.000000  e[6][1]= 160.000000 
 e[6][2]= 248.000000  e[6][3]= 336.000000 
 e[6][4]= 424.000000  e[6][5]= 0.000000 
 e[6][6]= 0.000000  e[6][7]= 0.000000 
 e[6][8]= 0.000000  e[6][9]= 0.000000 
 c[6]= 8.000000  f[6]= 112.000000 
 ***** [7] *****
 d[7]= 100.000000  g[7]= 212.000000 
 e[7][0]= 72.000000  e[7][1]= 160.000000 
 e[7][2]= 248.000000  e[7][3]= 336.000000 
 e[7][4]= 424.000000  e[7][5]= 0.000000 
 e[7][6]= 0.000000  e[7][7]= 0.000000 
 e[7][8]= 0.000000  e[7][9]= 0.000000 
 c[7]= 8.000000  f[7]= 112.000000 
 ***** [8] *****
 d[8]= 100.000000  g[8]= 212.000000 
 e[8][0]= 72.000000  e[8][1]= 160.000000 
 e[8][2]= 248.000000  e[8][3]= 336.000000 
 e[8][4]= 424.000000  e[8][5]= 0.000000 
 e[8][6]= 0.000000  e[8][7]= 0.000000 
 e[8][8]= 0.000000  e[8][9]= 0.000000 
 c[8]= 8.000000  f[8]= 112.000000 
 ***** [9] *****
 d[9]= 100.000000  g[9]= 212.000000 
 e[9][0]= 72.000000  e[9][1]= 160.000000 
 e[9][2]= 248.000000  e[9][3]= 336.000000 
 e[9][4]= 424.000000  e[9][5]= 0.000000 
 e[9][6]= 0.000000  e[9][7]= 0.000000 
 e[9][8]= 0.000000  e[9][9]= 0.000000 
 c[9]= 8.000000  f[9]= 112.000000 
exit 0
