  *****  *****
 a[0]=  1 b= 10.000000 c= 20.000000 
 a[1]=  2 b= 10.000000 c= 20.000000 
 a[2]=  3 b= 10.000000 c= 20.000000 
 a[3]=  4 b= 10.000000 c= 20.000000 
 a[4]=  5 b= 10.000000 c= 20.000000 
 a[5]=  6 b= 10.000000 c= 20.000000 
 a[6]=  7 b= 10.000000 c= 20.000000 
 a[7]=  8 b= 10.000000 c= 20.000000 
 a[8]=  9 b= 10.000000 c= 20.000000 
 a[9]= 10 b= 10.000000 c= 20.000000 
exit 0
