*****  ***** 
 a[0]= 1.000000 
 a[1]= 1.000000 
 a[2]= 1.000000 
 a[3]= 1.000000 
 a[4]= 1.000000 
 a[5]= 1.000000 
 a[6]= 1.000000 
 a[7]= 1.000000 
 a[8]= 1.000000 
 a[9]= 1.000000 
 b= 10.000000 
 c= 10.000000 
exit 0
