 *****  *****
 d[0]= 380.200000  g[0]= 1.000000  c[0]= 2.000000  a[0]= -4.000000 
 e[0][0]= 1.000000  e[1][0]= 1.000000  e[2][0]= 1.000000  e[3][0]= 1.000000 
 e[4][0]= 1.000000  e[5][0]= 1.000000  e[6][0]= 1.000000  e[7][0]= 1.000000 
 e[8][0]= 1.000000  e[9][0]= 1.000000 
 d[1]= 380.200000  g[1]= 1.000000  c[1]= 2.000000  a[1]= -4.000000 
 e[0][1]= 1.000000  e[1][1]= 1.000000  e[2][1]= 1.000000  e[3][1]= 1.000000 
 e[4][1]= 1.000000  e[5][1]= 1.000000  e[6][1]= 1.000000  e[7][1]= 1.000000 
 e[8][1]= 1.000000  e[9][1]= 1.000000 
 d[2]= 380.200000  g[2]= 1.000000  c[2]= 2.000000  a[2]= -4.000000 
 e[0][2]= 1.000000  e[1][2]= 1.000000  e[2][2]= 1.000000  e[3][2]= 1.000000 
 e[4][2]= 1.000000  e[5][2]= 1.000000  e[6][2]= 1.000000  e[7][2]= 1.000000 
 e[8][2]= 1.000000  e[9][2]= 1.000000 
 d[3]= 380.200000  g[3]= 1.000000  c[3]= 2.000000  a[3]= -4.000000 
 e[0][3]= 1.000000  e[1][3]= 1.000000  e[2][3]= 1.000000  e[3][3]= 1.000000 
 e[4][3]= 1.000000  e[5][3]= 1.000000  e[6][3]= 1.000000  e[7][3]= 1.000000 
 e[8][3]= 1.000000  e[9][3]= 1.000000 
 d[4]= 380.200000  g[4]= 1.000000  c[4]= 2.000000  a[4]= -4.000000 
 e[0][4]= 1.000000  e[1][4]= 1.000000  e[2][4]= 1.000000  e[3][4]= 1.000000 
 e[4][4]= 1.000000  e[5][4]= 1.000000  e[6][4]= 1.000000  e[7][4]= 1.000000 
 e[8][4]= 1.000000  e[9][4]= 1.000000 
 d[5]= 380.200000  g[5]= 1.000000  c[5]= 2.000000  a[5]= -4.000000 
 e[0][5]= 1.000000  e[1][5]= 1.000000  e[2][5]= 1.000000  e[3][5]= 1.000000 
 e[4][5]= 1.000000  e[5][5]= 1.000000  e[6][5]= 1.000000  e[7][5]= 1.000000 
 e[8][5]= 1.000000  e[9][5]= 1.000000 
 d[6]= 380.200000  g[6]= 1.000000  c[6]= 2.000000  a[6]= -4.000000 
 e[0][6]= 1.000000  e[1][6]= 1.000000  e[2][6]= 1.000000  e[3][6]= 1.000000 
 e[4][6]= 1.000000  e[5][6]= 1.000000  e[6][6]= 1.000000  e[7][6]= 1.000000 
 e[8][6]= 1.000000  e[9][6]= 1.000000 
 d[7]= 380.200000  g[7]= 1.000000  c[7]= 2.000000  a[7]= -4.000000 
 e[0][7]= 1.000000  e[1][7]= 1.000000  e[2][7]= 1.000000  e[3][7]= 1.000000 
 e[4][7]= 1.000000  e[5][7]= 1.000000  e[6][7]= 1.000000  e[7][7]= 1.000000 
 e[8][7]= 1.000000  e[9][7]= 1.000000 
 d[8]= 380.200000  g[8]= 1.000000  c[8]= 2.000000  a[8]= -4.000000 
 e[0][8]= 1.000000  e[1][8]= 1.000000  e[2][8]= 1.000000  e[3][8]= 1.000000 
 e[4][8]= 1.000000  e[5][8]= 1.000000  e[6][8]= 1.000000  e[7][8]= 1.000000 
 e[8][8]= 1.000000  e[9][8]= 1.000000 
 d[9]= 380.200000  g[9]= 1.000000  c[9]= 2.000000  a[9]= -4.000000 
 e[0][9]= 1.000000  e[1][9]= 1.000000  e[2][9]= 1.000000  e[3][9]= 1.000000 
 e[4][9]= 1.000000  e[5][9]= 1.000000  e[6][9]= 1.000000  e[7][9]= 1.000000 
 e[8][9]= 1.000000  e[9][9]= 1.000000 
exit 0
