
*****  ***** 
 a[0]= 2.000000  b[0]= 1.000000  c[0]= 1.000000 
 a[1]= 0.000000  b[1]= 1.000000  c[1]= 1.000000 
 a[2]= 2.000000  b[2]= 1.000000  c[2]= 1.000000 
 a[3]= 0.000000  b[3]= 1.000000  c[3]= 1.000000 
 a[4]= 2.000000  b[4]= 1.000000  c[4]= 1.000000 
 a[5]= 0.000000  b[5]= 1.000000  c[5]= 1.000000 
 a[6]= 2.000000  b[6]= 1.000000  c[6]= 1.000000 
 a[7]= 0.000000  b[7]= 1.000000  c[7]= 1.000000 
 a[8]= 2.000000  b[8]= 1.000000  c[8]= 1.000000 
 a[9]= 0.000000  b[9]= 1.000000  c[9]= 1.000000 
exit 0
