 *****  ****
 a1[1]= 0.909297  a2[1]= 0.909297  a11[1]= -0.416147  a22[1]= -0.416147 
 c1[1]= 2.000000  c11[1]= 2.000000  m[1]= 8 
 a1[2]= 0.909297  a2[2]= 0.909297  a11[2]= -0.416147  a22[2]= -0.416147 
 c1[2]= 2.000000  c11[2]= 2.000000  m[2]= 12 
 a1[3]= 0.909297  a2[3]= 0.909297  a11[3]= -0.416147  a22[3]= -0.416147 
 c1[3]= 2.000000  c11[3]= 2.000000  m[3]= 16 
 a1[4]= 0.909297  a2[4]= 0.909297  a11[4]= -0.416147  a22[4]= -0.416147 
 c1[4]= 2.000000  c11[4]= 2.000000  m[4]= 20 
 a1[5]= 0.909297  a2[5]= 0.909297  a11[5]= -0.416147  a22[5]= -0.416147 
 c1[5]= 2.000000  c11[5]= 2.000000  m[5]= 24 
 a1[6]= 0.909297  a2[6]= 0.909297  a11[6]= -0.416147  a22[6]= -0.416147 
 c1[6]= 2.000000  c11[6]= 2.000000  m[6]= 28 
 a1[7]= 0.909297  a2[7]= 0.909297  a11[7]= -0.416147  a22[7]= -0.416147 
 c1[7]= 2.000000  c11[7]= 2.000000  m[7]= 32 
 a1[8]= 0.909297  a2[8]= 0.909297  a11[8]= -0.416147  a22[8]= -0.416147 
 c1[8]= 2.000000  c11[8]= 2.000000  m[8]= 36 
 a1[9]= 0.909297  a2[9]= 0.909297  a11[9]= -0.416147  a22[9]= -0.416147 
 c1[9]= 2.000000  c11[9]= 2.000000  m[9]= 40 
exit 0
