  *****  *****
 a[0]= 3.000000 b[0]= 2.000000 c[0]= 3.000000 d[0]= 0.500000 
 a[1]= 3.000000 b[1]= 2.000000 c[1]= 3.000000 d[1]= 0.500000 
 a[2]= 3.000000 b[2]= 2.000000 c[2]= 3.000000 d[2]= 0.500000 
 a[3]= 3.000000 b[3]= 2.000000 c[3]= 3.000000 d[3]= 0.500000 
 a[4]= 3.000000 b[4]= 2.000000 c[4]= 3.000000 d[4]= 0.500000 
 a[5]= 3.000000 b[5]= 2.000000 c[5]= 3.000000 d[5]= 0.500000 
 a[6]= 3.000000 b[6]= 2.000000 c[6]= 3.000000 d[6]= 0.500000 
 a[7]= 3.000000 b[7]= 2.000000 c[7]= 3.000000 d[7]= 0.500000 
 a[8]= 3.000000 b[8]= 2.000000 c[8]= 3.000000 d[8]= 0.500000 
 a[9]= 3.000000 b[9]= 2.000000 c[9]= 3.000000 d[9]= 0.500000 
exit 0
