PROGRAM MAIN
IMPLICIT NONE
REAL (KIND(0D0)), ALLOCATABLE, DIMENSION(:,:) :: da_Dis
REAL (KIND(0D0)) :: BC2, C0, d_Delta
INTEGER :: i_NumGrps
INTEGER :: i_NumBlks
INTEGER :: i, IS, IS1, IR, IRR, ISS
INTERFACE
   SUBROUTINE loaddis(da_Dis)
   IMPLICIT NONE
   REAL (KIND(0D0)), INTENT(OUT) :: da_Dis(:,:)
   END SUBROUTINE loaddis
END INTERFACE
i_NumGrps=2
i_NumBlks=20
ALLOCATE(da_Dis(1:i_NumGrps*i_NumBlks,1:i_NumGrps*i_NumBlks))
CALL loaddis(da_Dis)
BC2 = DBLE(i_NumBlks*(i_NumBlks-1))/2.0D0
d_Delta = 0.0D0
DO IS=2,i_NumBlks
   IS1 = IS - 1
   DO IR=1,IS1
      DO i=1,i_NumGrps
         IRR = (i-1)*i_NumBlks + IR
         ISS = (i-1)*i_NumBlks + IS
IF (da_Dis(IRR,ISS) < 0.0D0) da_Dis(IRR,ISS) = ABS(da_Dis(IRR,ISS))
         d_Delta = d_Delta + da_Dis(IRR,ISS)
      END DO
   END DO
END DO
C0 = BC2*DBLE(i_NumGrps)
d_Delta = d_Delta/C0
print *,'pass'
DEALLOCATE(da_Dis)
END PROGRAM MAIN
SUBROUTINE loaddis(da_Dis)
IMPLICIT NONE
REAL (KIND(0D0)), INTENT(OUT) :: da_Dis(:,:)
da_Dis(1,1) =  0.000000000000000D0
da_Dis(1,2) =  1.865787652472817D0
da_Dis(1,3) =  2.705739703104447D0
da_Dis(1,4) =  3.773288705376337D0
da_Dis(1,5) =  3.619429158142673D0
da_Dis(1,6) =  1.968251113383308D0
da_Dis(1,7) =  4.786894840982608D0
da_Dis(1,8) =  3.090773142214940D0
da_Dis(1,9) =  2.619579220286134D0
da_Dis(1,10) =  3.431051365854071D0
da_Dis(1,11) =  3.121960445364020D0
da_Dis(1,12) =  2.029627141540706D0
da_Dis(1,13) =  2.872111366429305D0
da_Dis(1,14) =  2.772208639379209D0
da_Dis(1,15) =  3.580385294793888D0
da_Dis(1,16) =  2.772362591938335D0
da_Dis(1,17) =  1.782565263813981D0
da_Dis(1,18) =  3.894079822078954D0
da_Dis(1,19) =  2.978932287715205D0
da_Dis(1,20) =  3.706047136256148D0
da_Dis(1,21) =  3.751112727700775D0
da_Dis(1,22) =  2.318836045817388D0
da_Dis(1,23) =  1.722589335972832D0
da_Dis(1,24) =  2.342596863004270D0
da_Dis(1,25) =  2.150295400041873D0
da_Dis(1,26) =  2.707434607035266D0
da_Dis(1,27) =  3.144830679725723D0
da_Dis(1,28) =  1.900788251837942D0
da_Dis(1,29) =  1.780363057918933D0
da_Dis(1,30) =  2.001757173559741D0
da_Dis(1,31) =  2.572809453435394D0
da_Dis(1,32) =  2.379241094418857D0
da_Dis(1,33) =  2.153263920095924D0
da_Dis(1,34) =  1.675393748851554D0
da_Dis(1,35) =  2.046435264875889D0
da_Dis(1,36) =  2.555693194259316D0
da_Dis(1,37) =  2.735146199108184D0
da_Dis(1,38) =  2.157615577968317D0
da_Dis(1,39) =  1.591927433985229D0
da_Dis(1,40) =  2.172483328715483D0
da_Dis(2,1) =  1.865787652472817D0
da_Dis(2,2) =  0.000000000000000D0
da_Dis(2,3) =  0.9534135536352134D0
da_Dis(2,4) =  2.221513655566752D0
da_Dis(2,5) =  2.018799474562843D0
da_Dis(2,6) =  0.5711164066225487D0
da_Dis(2,7) =  3.934751332516625D0
da_Dis(2,8) =  1.375141868259638D0
da_Dis(2,9) =  1.790669977000489D0
da_Dis(2,10) =  2.290967237845502D0
da_Dis(2,11) =  3.000304641063588D0
da_Dis(2,12) =  0.7646287782935316D0
da_Dis(2,13) =  1.309954124507434D0
da_Dis(2,14) =  0.9536981905179628D0
da_Dis(2,15) =  1.954782524328836D0
da_Dis(2,16) =  1.413117775440535D0
da_Dis(2,17) =  0.7944705833254648D0
da_Dis(2,18) =  2.858860600656814D0
da_Dis(2,19) =  1.192801480438259D0
da_Dis(2,20) =  2.113451661837474D0
da_Dis(2,21) =  2.318836045817389D0
da_Dis(2,22) =  1.909314444266671D0
da_Dis(2,23) =  2.041240170261952D0
da_Dis(2,24) =  3.094779841990674D0
da_Dis(2,25) =  2.904445540088970D0
da_Dis(2,26) =  2.380201277702516D0
da_Dis(2,27) =  3.479852245370771D0
da_Dis(2,28) =  2.462148840485694D0
da_Dis(2,29) =  1.269923784488555D0
da_Dis(2,30) =  2.306064146490471D0
da_Dis(2,31) =  1.466790728938399D0
da_Dis(2,32) =  1.995704092805038D0
da_Dis(2,33) =  2.440677544869158D0
da_Dis(2,34) =  2.090421534266631D0
da_Dis(2,35) =  2.823685342007118D0
da_Dis(2,36) =  2.647258520182668D0
da_Dis(2,37) =  2.194241923322483D0
da_Dis(2,38) =  2.536414040453467D0
da_Dis(2,39) =  2.184676780147247D0
da_Dis(2,40) =  2.962281002598981D0
da_Dis(3,1) =  2.705739703104447D0
da_Dis(3,2) =  0.9534135536352134D0
da_Dis(3,3) =  0.000000000000000D0
da_Dis(3,4) =  1.425762305298642D0
da_Dis(3,5) =  1.190863331106112D0
da_Dis(3,6) =  1.318615594686583D0
da_Dis(3,7) =  3.717931935109033D0
da_Dis(3,8) =  0.5445040444573421D0
da_Dis(3,9) =  1.797853338965051D0
da_Dis(3,10) =  2.042073836551515D0
da_Dis(3,11) =  2.902877739627473D0
da_Dis(3,12) =  0.8976689622962220D0
da_Dis(3,13) =  0.6986379149459400D0
da_Dis(3,14) =  0.2732945631393845D0
da_Dis(3,15) =  1.099231418976987D0
da_Dis(3,16) =  1.083470523974000D0
da_Dis(3,17) =  1.246710314573991D0
da_Dis(3,18) =  2.607792671112772D0
da_Dis(3,19) =  0.2901559521513586D0
da_Dis(3,20) =  1.276470415139077D0
da_Dis(3,21) =  1.722589335972832D0
da_Dis(3,22) =  2.041240170261951D0
da_Dis(3,23) =  2.550654039027517D0
da_Dis(3,24) =  3.729633256891608D0
da_Dis(3,25) =  3.538838358886401D0
da_Dis(3,26) =  2.383896427196557D0
da_Dis(3,27) =  3.898563711690599D0
da_Dis(3,28) =  3.014445986574693D0
da_Dis(3,29) =  1.736981849753733D0
da_Dis(3,30) =  2.797601538558175D0
da_Dis(3,31) =  2.038818530503306D0
da_Dis(3,32) =  2.278565254414383D0
da_Dis(3,33) =  2.935126733209929D0
da_Dis(3,34) =  2.575827964197602D0
da_Dis(3,35) =  3.466445024154015D0
da_Dis(3,36) =  3.043213487990328D0
da_Dis(3,37) =  2.306896553214143D0
da_Dis(3,38) =  3.039091096520282D0
da_Dis(3,39) =  2.746192767950277D0
da_Dis(3,40) =  3.611452219595061D0
da_Dis(4,1) =  3.773288705376337D0
da_Dis(4,2) =  2.221513655566752D0
da_Dis(4,3) =  1.425762305298642D0
da_Dis(4,4) =  0.000000000000000D0
da_Dis(4,5) =  0.2471914077686015D0
da_Dis(4,6) =  2.426730310378687D0
da_Dis(4,7) =  3.726478734538041D0
da_Dis(4,8) =  0.9091008164116162D0
da_Dis(4,9) =  2.533528193265326D0
da_Dis(4,10) =  2.243813592456473D0
da_Dis(4,11) =  3.435031267450703D0
da_Dis(4,12) =  1.748445303649127D0
da_Dis(4,13) =  0.9302040225089804D0
da_Dis(4,14) =  1.592529537488332D0
da_Dis(4,15) =  0.3639452223781136D0
da_Dis(4,16) =  1.101066471716399D0
da_Dis(4,17) =  2.046098256262040D0
da_Dis(4,18) =  2.784816308030106D0
da_Dis(4,19) =  1.360610855665845D0
da_Dis(4,20) =  0.1936800215406010D0
da_Dis(4,21) =  2.342596863004269D0
da_Dis(4,22) =  3.094779841990674D0
da_Dis(4,23) =  3.729633256891608D0
da_Dis(4,24) =  5.037865494178801D0
da_Dis(4,25) =  4.828825443825790D0
da_Dis(4,26) =  3.312071197627783D0
da_Dis(4,27) =  4.957045439025666D0
da_Dis(4,28) =  4.241937213269595D0
da_Dis(4,29) =  3.044296934276686D0
da_Dis(4,30) =  4.049576130917146D0
da_Dis(4,31) =  3.197055945475367D0
da_Dis(4,32) =  3.518200471826013D0
da_Dis(4,33) =  4.204153982435315D0
da_Dis(4,34) =  3.689248656152919D0
da_Dis(4,35) =  4.746495659786434D0
da_Dis(4,36) =  4.319703194663235D0
da_Dis(4,37) =  3.482336370417557D0
da_Dis(4,38) =  4.209344580133934D0
da_Dis(4,39) =  3.900208923900171D0
da_Dis(4,40) =  4.906279472239068D0
da_Dis(5,1) =  3.619429158142673D0
da_Dis(5,2) =  2.018799474562843D0
da_Dis(5,3) =  1.190863331106112D0
da_Dis(5,4) =  0.2471914077686015D0
da_Dis(5,5) =  0.000000000000000D0
da_Dis(5,6) =  2.243608974812341D0
da_Dis(5,7) =  3.690516327248209D0
da_Dis(5,8) =  0.6789514547585872D0
da_Dis(5,9) =  2.382668978371616D0
da_Dis(5,10) =  2.157493323181530D0
da_Dis(5,11) =  3.323037476435459D0
da_Dis(5,12) =  1.590661106573392D0
da_Dis(5,13) =  0.7616422755104686D0
da_Dis(5,14) =  1.351722509232459D0
da_Dis(5,15) =  0.1221159282309179D0
da_Dis(5,16) =  1.021451746166491D0
da_Dis(5,17) =  1.909121875226749D0
da_Dis(5,18) =  2.706848265835025D0
da_Dis(5,19) =  1.115040690238340D0
da_Dis(5,20) =  9.821838486584090D-02
da_Dis(5,21) =  2.150295400041872D0
da_Dis(5,22) =  2.904445540088970D0
da_Dis(5,23) =  3.538838358886401D0
da_Dis(5,24) =  4.828825443825790D0
da_Dis(5,25) =  4.623551533246980D0
da_Dis(5,26) =  3.134266167252588D0
da_Dis(5,27) =  4.778870421283708D0
da_Dis(5,28) =  4.044513636938245D0
da_Dis(5,29) =  2.829835240998811D0
da_Dis(5,30) =  3.844159057556017D0
da_Dis(5,31) =  2.996097207809750D0
da_Dis(5,32) =  3.301993762171686D0
da_Dis(5,33) =  3.994829320165055D0
da_Dis(5,34) =  3.509718258537253D0
da_Dis(5,35) =  4.543713777837701D0
da_Dis(5,36) =  4.102120112448164D0
da_Dis(5,37) =  3.266038633898676D0
da_Dis(5,38) =  4.018124705767083D0
da_Dis(5,39) =  3.717276668653495D0
da_Dis(5,40) =  4.700852410032602D0
da_Dis(6,1) =  1.968251113383308D0
da_Dis(6,2) =  0.5711164066225487D0
da_Dis(6,3) =  1.318615594686583D0
da_Dis(6,4) =  2.426730310378687D0
da_Dis(6,5) =  2.243608974812341D0
da_Dis(6,6) =  0.000000000000000D0
da_Dis(6,7) =  4.032784736876376D0
da_Dis(6,8) =  1.618710388361902D0
da_Dis(6,9) =  2.089234879922023D0
da_Dis(6,10) =  2.429551245003273D0
da_Dis(6,11) =  3.503517643969383D0
da_Dis(6,12) =  1.119362733507886D0
da_Dis(6,13) =  1.552533954760851D0
da_Dis(6,14) =  1.270066790238503D0
da_Dis(6,15) =  2.194932838484640D0
da_Dis(6,16) =  1.557469599782883D0
da_Dis(6,17) =  0.9617245143617750D0
da_Dis(6,18) =  3.006293035179317D0
da_Dis(6,19) =  1.510756168125891D0
da_Dis(6,20) =  2.341736103363978D0
da_Dis(6,21) =  2.707434607035266D0
da_Dis(6,22) =  2.380201277702516D0
da_Dis(6,23) =  2.383896427196557D0
da_Dis(6,24) =  3.312071197627783D0
da_Dis(6,25) =  3.134266167252588D0
da_Dis(6,26) =  2.887487228975210D0
da_Dis(6,27) =  3.697882825290046D0
da_Dis(6,28) =  2.771104323976221D0
da_Dis(6,29) =  1.673425656150481D0
da_Dis(6,30) =  2.647601538320695D0
da_Dis(6,31) =  1.106669564634068D0
da_Dis(6,32) =  2.379195135055547D0
da_Dis(6,33) =  2.758364629787368D0
da_Dis(6,34) =  2.452016150652550D0
da_Dis(6,35) =  3.053308678766991D0
da_Dis(6,36) =  2.987510400132972D0
da_Dis(6,37) =  2.620499477106579D0
da_Dis(6,38) =  2.813313478877610D0
da_Dis(6,39) =  2.501850161605329D0
da_Dis(6,40) =  3.178696134060141D0
da_Dis(7,1) =  4.786894840982608D0
da_Dis(7,2) =  3.934751332516625D0
da_Dis(7,3) =  3.717931935109033D0
da_Dis(7,4) =  3.726478734538041D0
da_Dis(7,5) =  3.690516327248209D0
da_Dis(7,6) =  4.032784736876376D0
da_Dis(7,7) =  0.000000000000000D0
da_Dis(7,8) =  3.657338592267045D0
da_Dis(7,9) =  2.390863792555680D0
da_Dis(7,10) =  1.702829795179538D0
da_Dis(7,11) =  3.665992075764041D0
da_Dis(7,12) =  3.804680731956189D0
da_Dis(7,13) =  3.659110831558556D0
da_Dis(7,14) =  3.760168637537009D0
da_Dis(7,15) =  3.683616006331720D0
da_Dis(7,16) =  3.710131181339696D0
da_Dis(7,17) =  3.909696180856720D0
da_Dis(7,18) =  1.121249441912464D0
da_Dis(7,19) =  3.721333225880973D0
da_Dis(7,20) =  3.705896649183387D0
da_Dis(7,21) =  3.144830679725722D0
da_Dis(7,22) =  3.479852245370771D0
da_Dis(7,23) =  3.898563711690600D0
da_Dis(7,24) =  4.957045439025666D0
da_Dis(7,25) =  4.778870421283709D0
da_Dis(7,26) =  3.697882825290046D0
da_Dis(7,27) =  7.178983058179019D0
da_Dis(7,28) =  4.303861585056817D0
da_Dis(7,29) =  4.800951339230064D0
da_Dis(7,30) =  5.622543149903529D0
da_Dis(7,31) =  4.654026550567865D0
da_Dis(7,32) =  3.746739192121966D0
da_Dis(7,33) =  4.269654864269645D0
da_Dis(7,34) =  3.884159149426550D0
da_Dis(7,35) =  4.708662739807560D0
da_Dis(7,36) =  4.380178556687462D0
da_Dis(7,37) =  3.755837449956779D0
da_Dis(7,38) =  6.106999087839814D0
da_Dis(7,39) =  4.036511498642431D0
da_Dis(7,40) =  4.842961360791737D0
da_Dis(8,1) =  3.090773142214940D0
da_Dis(8,2) =  1.375141868259638D0
da_Dis(8,3) =  0.5445040444573421D0
da_Dis(8,4) =  0.9091008164116162D0
da_Dis(8,5) =  0.6789514547585872D0
da_Dis(8,6) =  1.618710388361902D0
da_Dis(8,7) =  3.657338592267045D0
da_Dis(8,8) =  0.000000000000000D0
da_Dis(8,9) =  2.022761366464180D0
da_Dis(8,10) =  2.002120855908982D0
da_Dis(8,11) =  3.146754219455494D0
da_Dis(8,12) =  1.109514373135941D0
da_Dis(8,13) =  0.4045920702521479D0
da_Dis(8,14) =  0.6962814395989165D0
da_Dis(8,15) =  0.6001011839754828D0
da_Dis(8,16) =  0.8346135758258638D0
da_Dis(8,17) =  1.436159194141764D0
da_Dis(8,18) =  2.588900377552227D0
da_Dis(8,19) =  0.5115116751288704D0
da_Dis(8,20) =  0.7709686459622646D0
da_Dis(8,21) =  1.900788251837942D0
da_Dis(8,22) =  2.462148840485694D0
da_Dis(8,23) =  3.014445986574693D0
da_Dis(8,24) =  4.241937213269596D0
da_Dis(8,25) =  4.044513636938246D0
da_Dis(8,26) =  2.771104323976221D0
da_Dis(8,27) =  4.303861585056818D0
da_Dis(8,28) =  3.501557152754466D0
da_Dis(8,29) =  2.243959059952060D0
da_Dis(8,30) =  3.296313885904203D0
da_Dis(8,31) =  2.357742837437260D0
da_Dis(8,32) =  2.764811073816529D0
da_Dis(8,33) =  3.437572161641406D0
da_Dis(8,34) =  3.017002653272493D0
da_Dis(8,35) =  3.967614222746310D0
da_Dis(8,36) =  3.551902324452801D0
da_Dis(8,37) =  2.773272132045076D0
da_Dis(8,38) =  3.494536503911150D0
da_Dis(8,39) =  3.200258463799043D0
da_Dis(8,40) =  4.117657639445735D0
da_Dis(9,1) =  2.619579220286134D0
da_Dis(9,2) =  1.790669977000489D0
da_Dis(9,3) =  1.797853338965051D0
da_Dis(9,4) =  2.533528193265326D0
da_Dis(9,5) =  2.382668978371616D0
da_Dis(9,6) =  2.089234879922023D0
da_Dis(9,7) =  2.390863792555680D0
da_Dis(9,8) =  2.022761366464180D0
da_Dis(9,9) =  0.000000000000000D0
da_Dis(9,10) =  1.080205611729823D0
da_Dis(9,11) =  2.023944258987821D0
da_Dis(9,12) =  1.736090411886107D0
da_Dis(9,13) =  1.969236272088524D0
da_Dis(9,14) =  1.868657168931842D0
da_Dis(9,15) =  2.330440441285033D0
da_Dis(9,16) =  2.091924702024266D0
da_Dis(9,17) =  1.885445799618057D0
da_Dis(9,18) =  1.386757401071769D0
da_Dis(9,19) =  1.924113400639198D0
da_Dis(9,20) =  2.441267535573054D0
da_Dis(9,21) =  1.780363057918933D0
da_Dis(9,22) =  1.269923784488555D0
da_Dis(9,23) =  1.736981849753733D0
da_Dis(9,24) =  3.044296934276686D0
da_Dis(9,25) =  2.829835240998811D0
da_Dis(9,26) =  1.673425656150481D0
da_Dis(9,27) =  4.800951339230064D0
da_Dis(9,28) =  2.243959059952060D0
da_Dis(9,29) =  2.448045980531408D0
da_Dis(9,30) =  3.251667619369019D0
da_Dis(9,31) =  2.868915536583972D0
da_Dis(9,32) =  1.651425388640335D0
da_Dis(9,33) =  2.229062342979395D0
da_Dis(9,34) =  1.720827287201665D0
da_Dis(9,35) =  2.745386077688493D0
da_Dis(9,36) =  2.408828407932317D0
da_Dis(9,37) =  1.750628173083420D0
da_Dis(9,38) =  3.722513635572785D0
da_Dis(9,39) =  1.914967196791167D0
da_Dis(9,40) =  2.907872628382266D0
da_Dis(10,1) =  3.431051365854071D0
da_Dis(10,2) =  2.290967237845502D0
da_Dis(10,3) =  2.042073836551515D0
da_Dis(10,4) =  2.243813592456473D0
da_Dis(10,5) =  2.157493323181530D0
da_Dis(10,6) =  2.429551245003273D0
da_Dis(10,7) =  1.702829795179538D0
da_Dis(10,8) =  2.002120855908982D0
da_Dis(10,9) =  1.080205611729823D0
da_Dis(10,10) =  0.000000000000000D0
da_Dis(10,11) =  2.824363959345876D0
da_Dis(10,12) =  2.133228713848925D0
da_Dis(10,13) =  1.987346362516308D0
da_Dis(10,14) =  2.105204969492906D0
da_Dis(10,15) =  2.137728367198954D0
da_Dis(10,16) =  2.065050387762918D0
da_Dis(10,17) =  2.272899430845675D0
da_Dis(10,18) =  0.6590545570386392D0
da_Dis(10,19) =  2.077826438049323D0
da_Dis(10,20) =  2.197610112199290D0
da_Dis(10,21) =  2.001757173559740D0
da_Dis(10,22) =  2.306064146490471D0
da_Dis(10,23) =  2.797601538558176D0
da_Dis(10,24) =  4.049576130917146D0
da_Dis(10,25) =  3.844159057556017D0
da_Dis(10,26) =  2.647601538320695D0
da_Dis(10,27) =  5.622543149903530D0
da_Dis(10,28) =  3.296313885904202D0
da_Dis(10,29) =  3.251667619369020D0
da_Dis(10,30) =  4.181799112599169D0
da_Dis(10,31) =  3.177617392380706D0
da_Dis(10,32) =  2.633971969207118D0
da_Dis(10,33) =  3.262563747616390D0
da_Dis(10,34) =  2.787202100937459D0
da_Dis(10,35) =  3.761046681667896D0
da_Dis(10,36) =  3.414883233943860D0
da_Dis(10,37) =  2.683428849181916D0
da_Dis(10,38) =  4.592723407191951D0
da_Dis(10,39) =  2.966345627926461D0
da_Dis(10,40) =  3.915772918028668D0
da_Dis(11,1) =  3.121960445364020D0
da_Dis(11,2) =  3.000304641063588D0
da_Dis(11,3) =  2.902877739627473D0
da_Dis(11,4) =  3.435031267450703D0
da_Dis(11,5) =  3.323037476435459D0
da_Dis(11,6) =  3.503517643969383D0
da_Dis(11,7) =  3.665992075764041D0
da_Dis(11,8) =  3.146754219455494D0
da_Dis(11,9) =  2.023944258987821D0
da_Dis(11,10) =  2.824363959345876D0
da_Dis(11,11) =  0.000000000000000D0
da_Dis(11,12) =  2.723514136018514D0
da_Dis(11,13) =  3.040115029492094D0
da_Dis(11,14) =  3.055444089771790D0
da_Dis(11,15) =  3.273568271011557D0
da_Dis(11,16) =  3.181433409365182D0
da_Dis(11,17) =  2.958350131722173D0
da_Dis(11,18) =  2.946002916312486D0
da_Dis(11,19) =  3.039286370094280D0
da_Dis(11,20) =  3.347920453175776D0
da_Dis(11,21) =  2.572809453435394D0
da_Dis(11,22) =  1.466790728938399D0
da_Dis(11,23) =  2.038818530503307D0
da_Dis(11,24) =  3.197055945475367D0
da_Dis(11,25) =  2.996097207809750D0
da_Dis(11,26) =  1.106669564634068D0
da_Dis(11,27) =  4.654026550567865D0
da_Dis(11,28) =  2.357742837437259D0
da_Dis(11,29) =  2.868915536583972D0
da_Dis(11,30) =  3.177617392380706D0
da_Dis(11,31) =  4.319852348899132D0
da_Dis(11,32) =  2.158190000936610D0
da_Dis(11,33) =  2.436885025683580D0
da_Dis(11,34) =  1.857817315670066D0
da_Dis(11,35) =  2.930178448101016D0
da_Dis(11,36) =  2.528078779690769D0
da_Dis(11,37) =  2.049845593837948D0
da_Dis(11,38) =  3.665428797600308D0
da_Dis(11,39) =  2.113326217272519D0
da_Dis(11,40) =  3.088856849886654D0
da_Dis(12,1) =  2.029627141540706D0
da_Dis(12,2) =  0.7646287782935316D0
da_Dis(12,3) =  0.8976689622962220D0
da_Dis(12,4) =  1.748445303649127D0
da_Dis(12,5) =  1.590661106573392D0
da_Dis(12,6) =  1.119362733507886D0
da_Dis(12,7) =  3.804680731956189D0
da_Dis(12,8) =  1.109514373135941D0
da_Dis(12,9) =  1.736090411886107D0
da_Dis(12,10) =  2.133228713848925D0
da_Dis(12,11) =  2.723514136018514D0
da_Dis(12,12) =  0.000000000000000D0
da_Dis(12,13) =  0.8456128953086004D0
da_Dis(12,14) =  1.092599465096521D0
da_Dis(12,15) =  1.555925831255846D0
da_Dis(12,16) =  0.8374702502768703D0
da_Dis(12,17) =  0.4310598813518494D0
da_Dis(12,18) =  2.748908061442111D0
da_Dis(12,19) =  1.180721901491993D0
da_Dis(12,20) =  1.678291389722924D0
da_Dis(12,21) =  2.379241094418857D0
da_Dis(12,22) =  1.995704092805038D0
da_Dis(12,23) =  2.278565254414383D0
da_Dis(12,24) =  3.518200471826013D0
da_Dis(12,25) =  3.301993762171686D0
da_Dis(12,26) =  2.379195135055546D0
da_Dis(12,27) =  3.746739192121966D0
da_Dis(12,28) =  2.764811073816528D0
da_Dis(12,29) =  1.651425388640335D0
da_Dis(12,30) =  2.633971969207118D0
da_Dis(12,31) =  2.158190000936610D0
da_Dis(12,32) =  2.342968702774650D0
da_Dis(12,33) =  2.807104534066816D0
da_Dis(12,34) =  2.237775499450688D0
da_Dis(12,35) =  3.208656850345042D0
da_Dis(12,36) =  3.037356325391379D0
da_Dis(12,37) =  2.486378662246052D0
da_Dis(12,38) =  2.823472141864337D0
da_Dis(12,39) =  2.392382524667714D0
da_Dis(12,40) =  3.368550878940733D0
da_Dis(13,1) =  2.872111366429305D0
da_Dis(13,2) =  1.309954124507434D0
da_Dis(13,3) =  0.6986379149459400D0
da_Dis(13,4) =  0.9302040225089804D0
da_Dis(13,5) =  0.7616422755104686D0
da_Dis(13,6) =  1.552533954760851D0
da_Dis(13,7) =  3.659110831558556D0
da_Dis(13,8) =  0.4045920702521479D0
da_Dis(13,9) =  1.969236272088524D0
da_Dis(13,10) =  1.987346362516308D0
da_Dis(13,11) =  3.040115029492094D0
da_Dis(13,12) =  0.8456128953086004D0
da_Dis(13,13) =  0.000000000000000D0
da_Dis(13,14) =  0.9218638388682141D0
da_Dis(13,15) =  0.7347666539713756D0
da_Dis(13,16) =  0.4568892783611967D0
da_Dis(13,17) =  1.154514553456262D0
da_Dis(13,18) =  2.609569516925715D0
da_Dis(13,19) =  0.8146338402513517D0
da_Dis(13,20) =  0.8547322675440773D0
da_Dis(13,21) =  2.153263920095924D0
da_Dis(13,22) =  2.440677544869158D0
da_Dis(13,23) =  2.935126733209930D0
da_Dis(13,24) =  4.204153982435316D0
da_Dis(13,25) =  3.994829320165055D0
da_Dis(13,26) =  2.758364629787368D0
da_Dis(13,27) =  4.269654864269645D0
da_Dis(13,28) =  3.437572161641406D0
da_Dis(13,29) =  2.229062342979396D0
da_Dis(13,30) =  3.262563747616390D0
da_Dis(13,31) =  2.436885025683580D0
da_Dis(13,32) =  2.807104534066816D0
da_Dis(13,33) =  3.420568918411061D0
da_Dis(13,34) =  2.908087779171613D0
da_Dis(13,35) =  3.909206649891537D0
da_Dis(13,36) =  3.580996613586999D0
da_Dis(13,37) =  2.853135522710124D0
da_Dis(13,38) =  3.438609034796867D0
da_Dis(13,39) =  3.091822237940728D0
da_Dis(13,40) =  4.066770765036874D0
da_Dis(14,1) =  2.772208639379209D0
da_Dis(14,2) =  0.9536981905179628D0
da_Dis(14,3) =  0.2732945631393845D0
da_Dis(14,4) =  1.592529537488332D0
da_Dis(14,5) =  1.351722509232459D0
da_Dis(14,6) =  1.270066790238503D0
da_Dis(14,7) =  3.760168637537009D0
da_Dis(14,8) =  0.6962814395989165D0
da_Dis(14,9) =  1.868657168931842D0
da_Dis(14,10) =  2.105204969492906D0
da_Dis(14,11) =  3.055444089771790D0
da_Dis(14,12) =  1.092599465096521D0
da_Dis(14,13) =  0.9218638388682141D0
da_Dis(14,14) =  0.000000000000000D0
da_Dis(14,15) =  1.253618817548997D0
da_Dis(14,16) =  1.294125043885112D0
da_Dis(14,17) =  1.394514775668231D0
da_Dis(14,18) =  2.648265154828188D0
da_Dis(14,19) =  0.2793492322433976D0
da_Dis(14,20) =  1.435427203184070D0
da_Dis(14,21) =  1.675393748851554D0
da_Dis(14,22) =  2.090421534266631D0
da_Dis(14,23) =  2.575827964197603D0
da_Dis(14,24) =  3.689248656152920D0
da_Dis(14,25) =  3.509718258537254D0
da_Dis(14,26) =  2.452016150652550D0
da_Dis(14,27) =  3.884159149426549D0
da_Dis(14,28) =  3.017002653272492D0
da_Dis(14,29) =  1.720827287201665D0
da_Dis(14,30) =  2.787202100937459D0
da_Dis(14,31) =  1.857817315670066D0
da_Dis(14,32) =  2.237775499450688D0
da_Dis(14,33) =  2.908087779171613D0
da_Dis(14,34) =  2.629319914342953D0
da_Dis(14,35) =  3.443360897555159D0
da_Dis(14,36) =  2.994000780422851D0
da_Dis(14,37) =  2.266082621776174D0
da_Dis(14,38) =  3.037612972509450D0
da_Dis(14,39) =  2.784146690519882D0
da_Dis(14,40) =  3.579840246725977D0
da_Dis(15,1) =  3.580385294793888D0
da_Dis(15,2) =  1.954782524328836D0
da_Dis(15,3) =  1.099231418976987D0
da_Dis(15,4) =  0.3639452223781136D0
da_Dis(15,5) =  0.1221159282309179D0
da_Dis(15,6) =  2.194932838484640D0
da_Dis(15,7) =  3.683616006331720D0
da_Dis(15,8) =  0.6001011839754828D0
da_Dis(15,9) =  2.330440441285033D0
da_Dis(15,10) =  2.137728367198954D0
da_Dis(15,11) =  3.273568271011557D0
da_Dis(15,12) =  1.555925831255846D0
da_Dis(15,13) =  0.7347666539713756D0
da_Dis(15,14) =  1.253618817548997D0
da_Dis(15,15) =  0.000000000000000D0
da_Dis(15,16) =  1.044080183066768D0
da_Dis(15,17) =  1.888333242286565D0
da_Dis(15,18) =  2.682976276237011D0
da_Dis(15,19) =  1.008902117961429D0
da_Dis(15,20) =  0.1835822460057939D0
da_Dis(15,21) =  2.046435264875889D0
da_Dis(15,22) =  2.823685342007118D0
da_Dis(15,23) =  3.466445024154015D0
da_Dis(15,24) =  4.746495659786433D0
da_Dis(15,25) =  4.543713777837700D0
da_Dis(15,26) =  3.053308678766991D0
da_Dis(15,27) =  4.708662739807559D0
da_Dis(15,28) =  3.967614222746309D0
da_Dis(15,29) =  2.745386077688493D0
da_Dis(15,30) =  3.761046681667895D0
da_Dis(15,31) =  2.930178448101016D0
da_Dis(15,32) =  3.208656850345042D0
da_Dis(15,33) =  3.909206649891537D0
da_Dis(15,34) =  3.443360897555159D0
da_Dis(15,35) =  4.465788352473636D0
da_Dis(15,36) =  4.007950607514385D0
da_Dis(15,37) =  3.166855012928897D0
da_Dis(15,38) =  3.944237619711651D0
da_Dis(15,39) =  3.650561121639400D0
da_Dis(15,40) =  4.621360860746084D0
da_Dis(16,1) =  2.772362591938335D0
da_Dis(16,2) =  1.413117775440535D0
da_Dis(16,3) =  1.083470523974000D0
da_Dis(16,4) =  1.101066471716399D0
da_Dis(16,5) =  1.021451746166491D0
da_Dis(16,6) =  1.557469599782883D0
da_Dis(16,7) =  3.710131181339696D0
da_Dis(16,8) =  0.8346135758258638D0
da_Dis(16,9) =  2.091924702024266D0
da_Dis(16,10) =  2.065050387762918D0
da_Dis(16,11) =  3.181433409365182D0
da_Dis(16,12) =  0.8374702502768703D0
da_Dis(16,13) =  0.4568892783611967D0
da_Dis(16,14) =  1.294125043885112D0
da_Dis(16,15) =  1.044080183066768D0
da_Dis(16,16) =  0.000000000000000D0
da_Dis(16,17) =  1.003254169380809D0
da_Dis(16,18) =  2.712917557990656D0
da_Dis(16,19) =  1.240436479747396D0
da_Dis(16,20) =  1.103276203566781D0
da_Dis(16,21) =  2.555693194259317D0
da_Dis(16,22) =  2.647258520182668D0
da_Dis(16,23) =  3.043213487990328D0
da_Dis(16,24) =  4.319703194663235D0
da_Dis(16,25) =  4.102120112448164D0
da_Dis(16,26) =  2.987510400132973D0
da_Dis(16,27) =  4.380178556687462D0
da_Dis(16,28) =  3.551902324452801D0
da_Dis(16,29) =  2.408828407932317D0
da_Dis(16,30) =  3.414883233943861D0
da_Dis(16,31) =  2.528078779690769D0
da_Dis(16,32) =  3.037356325391379D0
da_Dis(16,33) =  3.580996613586999D0
da_Dis(16,34) =  2.994000780422850D0
da_Dis(16,35) =  4.007950607514385D0
da_Dis(16,36) =  3.790023402672617D0
da_Dis(16,37) =  3.130297121730757D0
da_Dis(16,38) =  3.550486771557348D0
da_Dis(16,39) =  3.164854375484364D0
da_Dis(16,40) =  4.169408370115124D0
da_Dis(17,1) =  1.782565263813981D0
da_Dis(17,2) =  0.7944705833254648D0
da_Dis(17,3) =  1.246710314573991D0
da_Dis(17,4) =  2.046098256262040D0
da_Dis(17,5) =  1.909121875226749D0
da_Dis(17,6) =  0.9617245143617750D0
da_Dis(17,7) =  3.909696180856720D0
da_Dis(17,8) =  1.436159194141764D0
da_Dis(17,9) =  1.885445799618057D0
da_Dis(17,10) =  2.272899430845675D0
da_Dis(17,11) =  2.958350131722173D0
da_Dis(17,12) =  0.4310598813518494D0
da_Dis(17,13) =  1.154514553456262D0
da_Dis(17,14) =  1.394514775668231D0
da_Dis(17,15) =  1.888333242286565D0
da_Dis(17,16) =  1.003254169380809D0
da_Dis(17,17) =  0.000000000000000D0
da_Dis(17,18) =  2.894786420448029D0
da_Dis(17,19) =  1.523458572792324D0
da_Dis(17,20) =  1.999193551933412D0
da_Dis(17,21) =  2.735146199108184D0
da_Dis(17,22) =  2.194241923322483D0
da_Dis(17,23) =  2.306896553214143D0
da_Dis(17,24) =  3.482336370417557D0
da_Dis(17,25) =  3.266038633898676D0
da_Dis(17,26) =  2.620499477106579D0
da_Dis(17,27) =  3.755837449956779D0
da_Dis(17,28) =  2.773272132045075D0
da_Dis(17,29) =  1.750628173083420D0
da_Dis(17,30) =  2.683428849181916D0
da_Dis(17,31) =  2.049845593837948D0
da_Dis(17,32) =  2.486378662246052D0
da_Dis(17,33) =  2.853135522710124D0
da_Dis(17,34) =  2.266082621776174D0
da_Dis(17,35) =  3.166855012928897D0
da_Dis(17,36) =  3.130297121730757D0
da_Dis(17,37) =  2.691891640572770D0
da_Dis(17,38) =  2.833212165958828D0
da_Dis(17,39) =  2.382238749828808D0
da_Dis(17,40) =  3.323463748251269D0
da_Dis(18,1) =  3.894079822078954D0
da_Dis(18,2) =  2.858860600656814D0
da_Dis(18,3) =  2.607792671112772D0
da_Dis(18,4) =  2.784816308030106D0
da_Dis(18,5) =  2.706848265835025D0
da_Dis(18,6) =  3.006293035179317D0
da_Dis(18,7) =  1.121249441912464D0
da_Dis(18,8) =  2.588900377552227D0
da_Dis(18,9) =  1.386757401071769D0
da_Dis(18,10) =  0.6590545570386392D0
da_Dis(18,11) =  2.946002916312486D0
da_Dis(18,12) =  2.748908061442111D0
da_Dis(18,13) =  2.609569516925715D0
da_Dis(18,14) =  2.648265154828188D0
da_Dis(18,15) =  2.682976276237011D0
da_Dis(18,16) =  2.712917557990656D0
da_Dis(18,17) =  2.894786420448029D0
da_Dis(18,18) =  0.000000000000000D0
da_Dis(18,19) =  2.616008465078125D0
da_Dis(18,20) =  2.734844557148626D0
da_Dis(18,21) =  2.157615577968317D0
da_Dis(18,22) =  2.536414040453467D0
da_Dis(18,23) =  3.039091096520282D0
da_Dis(18,24) =  4.209344580133934D0
da_Dis(18,25) =  4.018124705767083D0
da_Dis(18,26) =  2.813313478877610D0
da_Dis(18,27) =  6.106999087839814D0
da_Dis(18,28) =  3.494536503911150D0
da_Dis(18,29) =  3.722513635572784D0
da_Dis(18,30) =  4.592723407191952D0
da_Dis(18,31) =  3.665428797600309D0
da_Dis(18,32) =  2.823472141864337D0
da_Dis(18,33) =  3.438609034796866D0
da_Dis(18,34) =  3.037612972509449D0
da_Dis(18,35) =  3.944237619711651D0
da_Dis(18,36) =  3.550486771557348D0
da_Dis(18,37) =  2.833212165958828D0
da_Dis(18,38) =  5.056429430943271D0
da_Dis(18,39) =  3.211399412655144D0
da_Dis(18,40) =  4.089426657250245D0
da_Dis(19,1) =  2.978932287715205D0
da_Dis(19,2) =  1.192801480438259D0
da_Dis(19,3) =  0.2901559521513586D0
da_Dis(19,4) =  1.360610855665845D0
da_Dis(19,5) =  1.115040690238340D0
da_Dis(19,6) =  1.510756168125891D0
da_Dis(19,7) =  3.721333225880973D0
da_Dis(19,8) =  0.5115116751288704D0
da_Dis(19,9) =  1.924113400639198D0
da_Dis(19,10) =  2.077826438049323D0
da_Dis(19,11) =  3.039286370094280D0
da_Dis(19,12) =  1.180721901491993D0
da_Dis(19,13) =  0.8146338402513517D0
da_Dis(19,14) =  0.2793492322433976D0
da_Dis(19,15) =  1.008902117961429D0
da_Dis(19,16) =  1.240436479747396D0
da_Dis(19,17) =  1.523458572792324D0
da_Dis(19,18) =  2.616008465078125D0
da_Dis(19,19) =  0.000000000000000D0
da_Dis(19,20) =  1.192418717710795D0
da_Dis(19,21) =  1.591927433985229D0
da_Dis(19,22) =  2.184676780147247D0
da_Dis(19,23) =  2.746192767950277D0
da_Dis(19,24) =  3.900208923900172D0
da_Dis(19,25) =  3.717276668653495D0
da_Dis(19,26) =  2.501850161605329D0
da_Dis(19,27) =  4.036511498642431D0
da_Dis(19,28) =  3.200258463799043D0
da_Dis(19,29) =  1.914967196791168D0
da_Dis(19,30) =  2.966345627926461D0
da_Dis(19,31) =  2.113326217272520D0
da_Dis(19,32) =  2.392382524667715D0
da_Dis(19,33) =  3.091822237940729D0
da_Dis(19,34) =  2.784146690519882D0
da_Dis(19,35) =  3.650561121639400D0
da_Dis(19,36) =  3.164854375484364D0
da_Dis(19,37) =  2.382238749828808D0
da_Dis(19,38) =  3.211399412655145D0
da_Dis(19,39) =  2.957312016648758D0
da_Dis(19,40) =  3.790782323650389D0
da_Dis(20,1) =  3.706047136256148D0
da_Dis(20,2) =  2.113451661837474D0
da_Dis(20,3) =  1.276470415139077D0
da_Dis(20,4) =  0.1936800215406010D0
da_Dis(20,5) =  9.821838486584090D-02
da_Dis(20,6) =  2.341736103363978D0
da_Dis(20,7) =  3.705896649183387D0
da_Dis(20,8) =  0.7709686459622646D0
da_Dis(20,9) =  2.441267535573054D0
da_Dis(20,10) =  2.197610112199290D0
da_Dis(20,11) =  3.347920453175776D0
da_Dis(20,12) =  1.678291389722924D0
da_Dis(20,13) =  0.8547322675440773D0
da_Dis(20,14) =  1.435427203184070D0
da_Dis(20,15) =  0.1835822460057939D0
da_Dis(20,16) =  1.103276203566781D0
da_Dis(20,17) =  1.999193551933412D0
da_Dis(20,18) =  2.734844557148626D0
da_Dis(20,19) =  1.192418717710795D0
da_Dis(20,20) =  0.000000000000000D0
da_Dis(20,21) =  2.172483328715482D0
da_Dis(20,22) =  2.962281002598980D0
da_Dis(20,23) =  3.611452219595062D0
da_Dis(20,24) =  4.906279472239068D0
da_Dis(20,25) =  4.700852410032602D0
da_Dis(20,26) =  3.178696134060141D0
da_Dis(20,27) =  4.842961360791738D0
da_Dis(20,28) =  4.117657639445735D0
da_Dis(20,29) =  2.907872628382266D0
da_Dis(20,30) =  3.915772918028668D0
da_Dis(20,31) =  3.088856849886654D0
da_Dis(20,32) =  3.368550878940733D0
da_Dis(20,33) =  4.066770765036873D0
da_Dis(20,34) =  3.579840246725976D0
da_Dis(20,35) =  4.621360860746085D0
da_Dis(20,36) =  4.169408370115125D0
da_Dis(20,37) =  3.323463748251269D0
da_Dis(20,38) =  4.089426657250245D0
da_Dis(20,39) =  3.790782323650389D0
da_Dis(20,40) =  4.778921602566782D0
da_Dis(21,1) =  3.751112727700775D0
da_Dis(21,2) =  2.318836045817389D0
da_Dis(21,3) =  1.722589335972832D0
da_Dis(21,4) =  2.342596863004269D0
da_Dis(21,5) =  2.150295400041872D0
da_Dis(21,6) =  2.707434607035266D0
da_Dis(21,7) =  3.144830679725722D0
da_Dis(21,8) =  1.900788251837942D0
da_Dis(21,9) =  1.780363057918933D0
da_Dis(21,10) =  2.001757173559740D0
da_Dis(21,11) =  2.572809453435394D0
da_Dis(21,12) =  2.379241094418857D0
da_Dis(21,13) =  2.153263920095924D0
da_Dis(21,14) =  1.675393748851554D0
da_Dis(21,15) =  2.046435264875889D0
da_Dis(21,16) =  2.555693194259317D0
da_Dis(21,17) =  2.735146199108184D0
da_Dis(21,18) =  2.157615577968317D0
da_Dis(21,19) =  1.591927433985229D0
da_Dis(21,20) =  2.172483328715482D0
da_Dis(21,21) =  0.000000000000000D0
da_Dis(21,22) =  1.865787652472817D0
da_Dis(21,23) =  2.705739703104448D0
da_Dis(21,24) =  3.773288705376338D0
da_Dis(21,25) =  3.619429158142674D0
da_Dis(21,26) =  1.968251113383309D0
da_Dis(21,27) =  4.786894840982609D0
da_Dis(21,28) =  3.090773142214941D0
da_Dis(21,29) =  2.619579220286135D0
da_Dis(21,30) =  3.431051365854072D0
da_Dis(21,31) =  3.121960445364021D0
da_Dis(21,32) =  2.029627141540707D0
da_Dis(21,33) =  2.872111366429306D0
da_Dis(21,34) =  2.772208639379210D0
da_Dis(21,35) =  3.580385294793889D0
da_Dis(21,36) =  2.772362591938336D0
da_Dis(21,37) =  1.782565263813982D0
da_Dis(21,38) =  3.894079822078955D0
da_Dis(21,39) =  2.978932287715206D0
da_Dis(21,40) =  3.706047136256149D0
da_Dis(22,1) =  2.318836045817388D0
da_Dis(22,2) =  1.909314444266671D0
da_Dis(22,3) =  2.041240170261951D0
da_Dis(22,4) =  3.094779841990674D0
da_Dis(22,5) =  2.904445540088970D0
da_Dis(22,6) =  2.380201277702516D0
da_Dis(22,7) =  3.479852245370771D0
da_Dis(22,8) =  2.462148840485694D0
da_Dis(22,9) =  1.269923784488555D0
da_Dis(22,10) =  2.306064146490471D0
da_Dis(22,11) =  1.466790728938399D0
da_Dis(22,12) =  1.995704092805038D0
da_Dis(22,13) =  2.440677544869158D0
da_Dis(22,14) =  2.090421534266631D0
da_Dis(22,15) =  2.823685342007118D0
da_Dis(22,16) =  2.647258520182668D0
da_Dis(22,17) =  2.194241923322483D0
da_Dis(22,18) =  2.536414040453467D0
da_Dis(22,19) =  2.184676780147247D0
da_Dis(22,20) =  2.962281002598980D0
da_Dis(22,21) =  1.865787652472817D0
da_Dis(22,22) =  0.000000000000000D0
da_Dis(22,23) =  0.9534135536352142D0
da_Dis(22,24) =  2.221513655566753D0
da_Dis(22,25) =  2.018799474562844D0
da_Dis(22,26) =  0.5711164066225486D0
da_Dis(22,27) =  3.934751332516626D0
da_Dis(22,28) =  1.375141868259638D0
da_Dis(22,29) =  1.790669977000489D0
da_Dis(22,30) =  2.290967237845502D0
da_Dis(22,31) =  3.000304641063588D0
da_Dis(22,32) =  0.7646287782935316D0
da_Dis(22,33) =  1.309954124507434D0
da_Dis(22,34) =  0.9536981905179635D0
da_Dis(22,35) =  1.954782524328837D0
da_Dis(22,36) =  1.413117775440535D0
da_Dis(22,37) =  0.7944705833254649D0
da_Dis(22,38) =  2.858860600656814D0
da_Dis(22,39) =  1.192801480438259D0
da_Dis(22,40) =  2.113451661837475D0
da_Dis(23,1) =  1.722589335972832D0
da_Dis(23,2) =  2.041240170261952D0
da_Dis(23,3) =  2.550654039027517D0
da_Dis(23,4) =  3.729633256891608D0
da_Dis(23,5) =  3.538838358886401D0
da_Dis(23,6) =  2.383896427196557D0
da_Dis(23,7) =  3.898563711690600D0
da_Dis(23,8) =  3.014445986574693D0
da_Dis(23,9) =  1.736981849753733D0
da_Dis(23,10) =  2.797601538558176D0
da_Dis(23,11) =  2.038818530503307D0
da_Dis(23,12) =  2.278565254414383D0
da_Dis(23,13) =  2.935126733209930D0
da_Dis(23,14) =  2.575827964197603D0
da_Dis(23,15) =  3.466445024154015D0
da_Dis(23,16) =  3.043213487990328D0
da_Dis(23,17) =  2.306896553214143D0
da_Dis(23,18) =  3.039091096520282D0
da_Dis(23,19) =  2.746192767950277D0
da_Dis(23,20) =  3.611452219595062D0
da_Dis(23,21) =  2.705739703104448D0
da_Dis(23,22) =  0.9534135536352142D0
da_Dis(23,23) =  0.000000000000000D0
da_Dis(23,24) =  1.425762305298641D0
da_Dis(23,25) =  1.190863331106112D0
da_Dis(23,26) =  1.318615594686583D0
da_Dis(23,27) =  3.717931935109033D0
da_Dis(23,28) =  0.5445040444573410D0
da_Dis(23,29) =  1.797853338965051D0
da_Dis(23,30) =  2.042073836551515D0
da_Dis(23,31) =  2.902877739627472D0
da_Dis(23,32) =  0.8976689622962215D0
da_Dis(23,33) =  0.6986379149459391D0
da_Dis(23,34) =  0.2732945631393850D0
da_Dis(23,35) =  1.099231418976986D0
da_Dis(23,36) =  1.083470523973999D0
da_Dis(23,37) =  1.246710314573990D0
da_Dis(23,38) =  2.607792671112772D0
da_Dis(23,39) =  0.2901559521513587D0
da_Dis(23,40) =  1.276470415139077D0
da_Dis(24,1) =  2.342596863004270D0
da_Dis(24,2) =  3.094779841990674D0
da_Dis(24,3) =  3.729633256891608D0
da_Dis(24,4) =  5.037865494178801D0
da_Dis(24,5) =  4.828825443825790D0
da_Dis(24,6) =  3.312071197627783D0
da_Dis(24,7) =  4.957045439025666D0
da_Dis(24,8) =  4.241937213269596D0
da_Dis(24,9) =  3.044296934276686D0
da_Dis(24,10) =  4.049576130917146D0
da_Dis(24,11) =  3.197055945475367D0
da_Dis(24,12) =  3.518200471826013D0
da_Dis(24,13) =  4.204153982435316D0
da_Dis(24,14) =  3.689248656152920D0
da_Dis(24,15) =  4.746495659786433D0
da_Dis(24,16) =  4.319703194663235D0
da_Dis(24,17) =  3.482336370417557D0
da_Dis(24,18) =  4.209344580133934D0
da_Dis(24,19) =  3.900208923900172D0
da_Dis(24,20) =  4.906279472239068D0
da_Dis(24,21) =  3.773288705376338D0
da_Dis(24,22) =  2.221513655566753D0
da_Dis(24,23) =  1.425762305298641D0
da_Dis(24,24) =  0.000000000000000D0
da_Dis(24,25) =  0.2471914077686015D0
da_Dis(24,26) =  2.426730310378687D0
da_Dis(24,27) =  3.726478734538042D0
da_Dis(24,28) =  0.9091008164116168D0
da_Dis(24,29) =  2.533528193265326D0
da_Dis(24,30) =  2.243813592456473D0
da_Dis(24,31) =  3.435031267450703D0
da_Dis(24,32) =  1.748445303649127D0
da_Dis(24,33) =  0.9302040225089803D0
da_Dis(24,34) =  1.592529537488332D0
da_Dis(24,35) =  0.3639452223781134D0
da_Dis(24,36) =  1.101066471716399D0
da_Dis(24,37) =  2.046098256262040D0
da_Dis(24,38) =  2.784816308030106D0
da_Dis(24,39) =  1.360610855665846D0
da_Dis(24,40) =  0.1936800215406012D0
da_Dis(25,1) =  2.150295400041873D0
da_Dis(25,2) =  2.904445540088970D0
da_Dis(25,3) =  3.538838358886401D0
da_Dis(25,4) =  4.828825443825790D0
da_Dis(25,5) =  4.623551533246980D0
da_Dis(25,6) =  3.134266167252588D0
da_Dis(25,7) =  4.778870421283709D0
da_Dis(25,8) =  4.044513636938246D0
da_Dis(25,9) =  2.829835240998811D0
da_Dis(25,10) =  3.844159057556017D0
da_Dis(25,11) =  2.996097207809750D0
da_Dis(25,12) =  3.301993762171686D0
da_Dis(25,13) =  3.994829320165055D0
da_Dis(25,14) =  3.509718258537254D0
da_Dis(25,15) =  4.543713777837700D0
da_Dis(25,16) =  4.102120112448164D0
da_Dis(25,17) =  3.266038633898676D0
da_Dis(25,18) =  4.018124705767083D0
da_Dis(25,19) =  3.717276668653495D0
da_Dis(25,20) =  4.700852410032602D0
da_Dis(25,21) =  3.619429158142674D0
da_Dis(25,22) =  2.018799474562844D0
da_Dis(25,23) =  1.190863331106112D0
da_Dis(25,24) =  0.2471914077686015D0
da_Dis(25,25) =  0.000000000000000D0
da_Dis(25,26) =  2.243608974812341D0
da_Dis(25,27) =  3.690516327248209D0
da_Dis(25,28) =  0.6789514547585880D0
da_Dis(25,29) =  2.382668978371616D0
da_Dis(25,30) =  2.157493323181530D0
da_Dis(25,31) =  3.323037476435458D0
da_Dis(25,32) =  1.590661106573392D0
da_Dis(25,33) =  0.7616422755104687D0
da_Dis(25,34) =  1.351722509232459D0
da_Dis(25,35) =  0.1221159282309176D0
da_Dis(25,36) =  1.021451746166491D0
da_Dis(25,37) =  1.909121875226749D0
da_Dis(25,38) =  2.706848265835025D0
da_Dis(25,39) =  1.115040690238340D0
da_Dis(25,40) =  9.821838486584071D-02
da_Dis(26,1) =  2.707434607035266D0
da_Dis(26,2) =  2.380201277702516D0
da_Dis(26,3) =  2.383896427196557D0
da_Dis(26,4) =  3.312071197627783D0
da_Dis(26,5) =  3.134266167252588D0
da_Dis(26,6) =  2.887487228975210D0
da_Dis(26,7) =  3.697882825290046D0
da_Dis(26,8) =  2.771104323976221D0
da_Dis(26,9) =  1.673425656150481D0
da_Dis(26,10) =  2.647601538320695D0
da_Dis(26,11) =  1.106669564634068D0
da_Dis(26,12) =  2.379195135055546D0
da_Dis(26,13) =  2.758364629787368D0
da_Dis(26,14) =  2.452016150652550D0
da_Dis(26,15) =  3.053308678766991D0
da_Dis(26,16) =  2.987510400132973D0
da_Dis(26,17) =  2.620499477106579D0
da_Dis(26,18) =  2.813313478877610D0
da_Dis(26,19) =  2.501850161605329D0
da_Dis(26,20) =  3.178696134060141D0
da_Dis(26,21) =  1.968251113383309D0
da_Dis(26,22) =  0.5711164066225486D0
da_Dis(26,23) =  1.318615594686583D0
da_Dis(26,24) =  2.426730310378687D0
da_Dis(26,25) =  2.243608974812341D0
da_Dis(26,26) =  0.000000000000000D0
da_Dis(26,27) =  4.032784736876376D0
da_Dis(26,28) =  1.618710388361902D0
da_Dis(26,29) =  2.089234879922023D0
da_Dis(26,30) =  2.429551245003273D0
da_Dis(26,31) =  3.503517643969383D0
da_Dis(26,32) =  1.119362733507886D0
da_Dis(26,33) =  1.552533954760851D0
da_Dis(26,34) =  1.270066790238503D0
da_Dis(26,35) =  2.194932838484640D0
da_Dis(26,36) =  1.557469599782883D0
da_Dis(26,37) =  0.9617245143617749D0
da_Dis(26,38) =  3.006293035179317D0
da_Dis(26,39) =  1.510756168125891D0
da_Dis(26,40) =  2.341736103363978D0
da_Dis(27,1) =  3.144830679725723D0
da_Dis(27,2) =  3.479852245370771D0
da_Dis(27,3) =  3.898563711690599D0
da_Dis(27,4) =  4.957045439025666D0
da_Dis(27,5) =  4.778870421283708D0
da_Dis(27,6) =  3.697882825290046D0
da_Dis(27,7) =  7.178983058179019D0
da_Dis(27,8) =  4.303861585056818D0
da_Dis(27,9) =  4.800951339230064D0
da_Dis(27,10) =  5.622543149903530D0
da_Dis(27,11) =  4.654026550567865D0
da_Dis(27,12) =  3.746739192121966D0
da_Dis(27,13) =  4.269654864269645D0
da_Dis(27,14) =  3.884159149426549D0
da_Dis(27,15) =  4.708662739807559D0
da_Dis(27,16) =  4.380178556687462D0
da_Dis(27,17) =  3.755837449956779D0
da_Dis(27,18) =  6.106999087839814D0
da_Dis(27,19) =  4.036511498642431D0
da_Dis(27,20) =  4.842961360791738D0
da_Dis(27,21) =  4.786894840982609D0
da_Dis(27,22) =  3.934751332516626D0
da_Dis(27,23) =  3.717931935109033D0
da_Dis(27,24) =  3.726478734538042D0
da_Dis(27,25) =  3.690516327248209D0
da_Dis(27,26) =  4.032784736876376D0
da_Dis(27,27) =  0.000000000000000D0
da_Dis(27,28) =  3.657338592267045D0
