a[][][]=(i*j*k) 
a[0][0][0-9]=   0.0   0.0   0.0   0.0   0.0   0.0   0.0   0.0   0.0   0.0
a[0][1][0-9]=   0.0   0.0   0.0   0.0   0.0   0.0   0.0   0.0   0.0   0.0
a[0][2][0-9]=   0.0   0.0   0.0   0.0   0.0   0.0   0.0   0.0   0.0   0.0
a[0][3][0-9]=   0.0   0.0   0.0   0.0   0.0   0.0   0.0   0.0   0.0   0.0
a[0][4][0-9]=   0.0   0.0   0.0   0.0   0.0   0.0   0.0   0.0   0.0   0.0
a[0][5][0-9]=   0.0   0.0   0.0   0.0   0.0   0.0   0.0   0.0   0.0   0.0
a[0][6][0-9]=   0.0   0.0   0.0   0.0   0.0   0.0   0.0   0.0   0.0   0.0
a[0][7][0-9]=   0.0   0.0   0.0   0.0   0.0   0.0   0.0   0.0   0.0   0.0
a[0][8][0-9]=   0.0   0.0   0.0   0.0   0.0   0.0   0.0   0.0   0.0   0.0
a[0][9][0-9]=   0.0   0.0   0.0   0.0   0.0   0.0   0.0   0.0   0.0   0.0
a[1][0][0-9]=   0.0   0.0   0.0   0.0   0.0   0.0   0.0   0.0   0.0   0.0
a[1][1][0-9]=   0.0   1.0   2.0   3.0   4.0   5.0   6.0   7.0   8.0   9.0
a[1][2][0-9]=   0.0   2.0   4.0   6.0   8.0  10.0  12.0  14.0  16.0  18.0
a[1][3][0-9]=   0.0   3.0   6.0   9.0  12.0  15.0  18.0  21.0  24.0  27.0
a[1][4][0-9]=   0.0   4.0   8.0  12.0  16.0  20.0  24.0  28.0  32.0  36.0
a[1][5][0-9]=   0.0   5.0  10.0  15.0  20.0  25.0  30.0  35.0  40.0  45.0
a[1][6][0-9]=   0.0   6.0  12.0  18.0  24.0  30.0  36.0  42.0  48.0  54.0
a[1][7][0-9]=   0.0   7.0  14.0  21.0  28.0  35.0  42.0  49.0  56.0  63.0
a[1][8][0-9]=   0.0   8.0  16.0  24.0  32.0  40.0  48.0  56.0  64.0  72.0
a[1][9][0-9]=   0.0   9.0  18.0  27.0  36.0  45.0  54.0  63.0  72.0  81.0
a[2][0][0-9]=   0.0   0.0   0.0   0.0   0.0   0.0   0.0   0.0   0.0   0.0
a[2][1][0-9]=   0.0   2.0   4.0   6.0   8.0  10.0  12.0  14.0  16.0  18.0
a[2][2][0-9]=   0.0   4.0   8.0  12.0  16.0  20.0  24.0  28.0  32.0  36.0
a[2][3][0-9]=   0.0   6.0  12.0  18.0  24.0  30.0  36.0  42.0  48.0  54.0
a[2][4][0-9]=   0.0   8.0  16.0  24.0  32.0  40.0  48.0  56.0  64.0  72.0
a[2][5][0-9]=   0.0  10.0  20.0  30.0  40.0  50.0  60.0  70.0  80.0  90.0
a[2][6][0-9]=   0.0  12.0  24.0  36.0  48.0  60.0  72.0  84.0  96.0 108.0
a[2][7][0-9]=   0.0  14.0  28.0  42.0  56.0  70.0  84.0  98.0 112.0 126.0
a[2][8][0-9]=   0.0  16.0  32.0  48.0  64.0  80.0  96.0 112.0 128.0 144.0
a[2][9][0-9]=   0.0  18.0  36.0  54.0  72.0  90.0 108.0 126.0 144.0 162.0
a[3][0][0-9]=   0.0   0.0   0.0   0.0   0.0   0.0   0.0   0.0   0.0   0.0
a[3][1][0-9]=   0.0   3.0   6.0   9.0  12.0  15.0  18.0  21.0  24.0  27.0
a[3][2][0-9]=   0.0   6.0  12.0  18.0  24.0  30.0  36.0  42.0  48.0  54.0
a[3][3][0-9]=   0.0   9.0  18.0  27.0  36.0  45.0  54.0  63.0  72.0  81.0
a[3][4][0-9]=   0.0  12.0  24.0  36.0  48.0  60.0  72.0  84.0  96.0 108.0
a[3][5][0-9]=   0.0  15.0  30.0  45.0  60.0  75.0  90.0 105.0 120.0 135.0
a[3][6][0-9]=   0.0  18.0  36.0  54.0  72.0  90.0 108.0 126.0 144.0 162.0
a[3][7][0-9]=   0.0  21.0  42.0  63.0  84.0 105.0 126.0 147.0 168.0 189.0
a[3][8][0-9]=   0.0  24.0  48.0  72.0  96.0 120.0 144.0 168.0 192.0 216.0
a[3][9][0-9]=   0.0  27.0  54.0  81.0 108.0 135.0 162.0 189.0 216.0 243.0
a[4][0][0-9]=   0.0   0.0   0.0   0.0   0.0   0.0   0.0   0.0   0.0   0.0
a[4][1][0-9]=   0.0   4.0   8.0  12.0  16.0  20.0  24.0  28.0  32.0  36.0
a[4][2][0-9]=   0.0   8.0  16.0  24.0  32.0  40.0  48.0  56.0  64.0  72.0
a[4][3][0-9]=   0.0  12.0  24.0  36.0  48.0  60.0  72.0  84.0  96.0 108.0
a[4][4][0-9]=   0.0  16.0  32.0  48.0  64.0  80.0  96.0 112.0 128.0 144.0
a[4][5][0-9]=   0.0  20.0  40.0  60.0  80.0 100.0 120.0 140.0 160.0 180.0
a[4][6][0-9]=   0.0  24.0  48.0  72.0  96.0 120.0 144.0 168.0 192.0 216.0
a[4][7][0-9]=   0.0  28.0  56.0  84.0 112.0 140.0 168.0 196.0 224.0 252.0
a[4][8][0-9]=   0.0  32.0  64.0  96.0 128.0 160.0 192.0 224.0 256.0 288.0
a[4][9][0-9]=   0.0  36.0  72.0 108.0 144.0 180.0 216.0 252.0 288.0 324.0
a[5][0][0-9]=   0.0   0.0   0.0   0.0   0.0   0.0   0.0   0.0   0.0   0.0
a[5][1][0-9]=   0.0   5.0  10.0  15.0  20.0  25.0  30.0  35.0  40.0  45.0
a[5][2][0-9]=   0.0  10.0  20.0  30.0  40.0  50.0  60.0  70.0  80.0  90.0
a[5][3][0-9]=   0.0  15.0  30.0  45.0  60.0  75.0  90.0 105.0 120.0 135.0
a[5][4][0-9]=   0.0  20.0  40.0  60.0  80.0 100.0 120.0 140.0 160.0 180.0
a[5][5][0-9]=   0.0  25.0  50.0  75.0 100.0 125.0 150.0 175.0 200.0 225.0
a[5][6][0-9]=   0.0  30.0  60.0  90.0 120.0 150.0 180.0 210.0 240.0 270.0
a[5][7][0-9]=   0.0  35.0  70.0 105.0 140.0 175.0 210.0 245.0 280.0 315.0
a[5][8][0-9]=   0.0  40.0  80.0 120.0 160.0 200.0 240.0 280.0 320.0 360.0
a[5][9][0-9]=   0.0  45.0  90.0 135.0 180.0 225.0 270.0 315.0 360.0 405.0
a[6][0][0-9]=   0.0   0.0   0.0   0.0   0.0   0.0   0.0   0.0   0.0   0.0
a[6][1][0-9]=   0.0   6.0  12.0  18.0  24.0  30.0  36.0  42.0  48.0  54.0
a[6][2][0-9]=   0.0  12.0  24.0  36.0  48.0  60.0  72.0  84.0  96.0 108.0
a[6][3][0-9]=   0.0  18.0  36.0  54.0  72.0  90.0 108.0 126.0 144.0 162.0
a[6][4][0-9]=   0.0  24.0  48.0  72.0  96.0 120.0 144.0 168.0 192.0 216.0
a[6][5][0-9]=   0.0  30.0  60.0  90.0 120.0 150.0 180.0 210.0 240.0 270.0
a[6][6][0-9]=   0.0  36.0  72.0 108.0 144.0 180.0 216.0 252.0 288.0 324.0
a[6][7][0-9]=   0.0  42.0  84.0 126.0 168.0 210.0 252.0 294.0 336.0 378.0
a[6][8][0-9]=   0.0  48.0  96.0 144.0 192.0 240.0 288.0 336.0 384.0 432.0
a[6][9][0-9]=   0.0  54.0 108.0 162.0 216.0 270.0 324.0 378.0 432.0 486.0
a[7][0][0-9]=   0.0   0.0   0.0   0.0   0.0   0.0   0.0   0.0   0.0   0.0
a[7][1][0-9]=   0.0   7.0  14.0  21.0  28.0  35.0  42.0  49.0  56.0  63.0
a[7][2][0-9]=   0.0  14.0  28.0  42.0  56.0  70.0  84.0  98.0 112.0 126.0
a[7][3][0-9]=   0.0  21.0  42.0  63.0  84.0 105.0 126.0 147.0 168.0 189.0
a[7][4][0-9]=   0.0  28.0  56.0  84.0 112.0 140.0 168.0 196.0 224.0 252.0
a[7][5][0-9]=   0.0  35.0  70.0 105.0 140.0 175.0 210.0 245.0 280.0 315.0
a[7][6][0-9]=   0.0  42.0  84.0 126.0 168.0 210.0 252.0 294.0 336.0 378.0
a[7][7][0-9]=   0.0  49.0  98.0 147.0 196.0 245.0 294.0 343.0 392.0 441.0
a[7][8][0-9]=   0.0  56.0 112.0 168.0 224.0 280.0 336.0 392.0 448.0 504.0
a[7][9][0-9]=   0.0  63.0 126.0 189.0 252.0 315.0 378.0 441.0 504.0 567.0
a[8][0][0-9]=   0.0   0.0   0.0   0.0   0.0   0.0   0.0   0.0   0.0   0.0
a[8][1][0-9]=   0.0   8.0  16.0  24.0  32.0  40.0  48.0  56.0  64.0  72.0
a[8][2][0-9]=   0.0  16.0  32.0  48.0  64.0  80.0  96.0 112.0 128.0 144.0
a[8][3][0-9]=   0.0  24.0  48.0  72.0  96.0 120.0 144.0 168.0 192.0 216.0
a[8][4][0-9]=   0.0  32.0  64.0  96.0 128.0 160.0 192.0 224.0 256.0 288.0
a[8][5][0-9]=   0.0  40.0  80.0 120.0 160.0 200.0 240.0 280.0 320.0 360.0
a[8][6][0-9]=   0.0  48.0  96.0 144.0 192.0 240.0 288.0 336.0 384.0 432.0
a[8][7][0-9]=   0.0  56.0 112.0 168.0 224.0 280.0 336.0 392.0 448.0 504.0
a[8][8][0-9]=   0.0  64.0 128.0 192.0 256.0 320.0 384.0 448.0 512.0 576.0
a[8][9][0-9]=   0.0  72.0 144.0 216.0 288.0 360.0 432.0 504.0 576.0 648.0
a[9][0][0-9]=   0.0   0.0   0.0   0.0   0.0   0.0   0.0   0.0   0.0   0.0
a[9][1][0-9]=   0.0   9.0  18.0  27.0  36.0  45.0  54.0  63.0  72.0  81.0
a[9][2][0-9]=   0.0  18.0  36.0  54.0  72.0  90.0 108.0 126.0 144.0 162.0
a[9][3][0-9]=   0.0  27.0  54.0  81.0 108.0 135.0 162.0 189.0 216.0 243.0
a[9][4][0-9]=   0.0  36.0  72.0 108.0 144.0 180.0 216.0 252.0 288.0 324.0
a[9][5][0-9]=   0.0  45.0  90.0 135.0 180.0 225.0 270.0 315.0 360.0 405.0
a[9][6][0-9]=   0.0  54.0 108.0 162.0 216.0 270.0 324.0 378.0 432.0 486.0
a[9][7][0-9]=   0.0  63.0 126.0 189.0 252.0 315.0 378.0 441.0 504.0 567.0
a[9][8][0-9]=   0.0  72.0 144.0 216.0 288.0 360.0 432.0 504.0 576.0 648.0
a[9][9][0-9]=   0.0  81.0 162.0 243.0 324.0 405.0 486.0 567.0 648.0 729.0
b[][][]=(i+j+k) 
b[0][0][0-9]=   0.0   1.0   2.0   3.0   4.0   5.0   6.0   7.0   8.0   9.0
b[0][1][0-9]=   1.0   2.0   3.0   4.0   5.0   6.0   7.0   8.0   9.0  10.0
b[0][2][0-9]=   2.0   3.0   4.0   5.0   6.0   7.0   8.0   9.0  10.0  11.0
b[0][3][0-9]=   3.0   4.0   5.0   6.0   7.0   8.0   9.0  10.0  11.0  12.0
b[0][4][0-9]=   4.0   5.0   6.0   7.0   8.0   9.0  10.0  11.0  12.0  13.0
b[0][5][0-9]=   5.0   6.0   7.0   8.0   9.0  10.0  11.0  12.0  13.0  14.0
b[0][6][0-9]=   6.0   7.0   8.0   9.0  10.0  11.0  12.0  13.0  14.0  15.0
b[0][7][0-9]=   7.0   8.0   9.0  10.0  11.0  12.0  13.0  14.0  15.0  16.0
b[0][8][0-9]=   8.0   9.0  10.0  11.0  12.0  13.0  14.0  15.0  16.0  17.0
b[0][9][0-9]=   9.0  10.0  11.0  12.0  13.0  14.0  15.0  16.0  17.0  18.0
b[1][0][0-9]=   1.0   2.0   3.0   4.0   5.0   6.0   7.0   8.0   9.0  10.0
b[1][1][0-9]=   2.0   3.0   4.0   5.0   6.0   7.0   8.0   9.0  10.0  11.0
b[1][2][0-9]=   3.0   4.0   5.0   6.0   7.0   8.0   9.0  10.0  11.0  12.0
b[1][3][0-9]=   4.0   5.0   6.0   7.0   8.0   9.0  10.0  11.0  12.0  13.0
b[1][4][0-9]=   5.0   6.0   7.0   8.0   9.0  10.0  11.0  12.0  13.0  14.0
b[1][5][0-9]=   6.0   7.0   8.0   9.0  10.0  11.0  12.0  13.0  14.0  15.0
b[1][6][0-9]=   7.0   8.0   9.0  10.0  11.0  12.0  13.0  14.0  15.0  16.0
b[1][7][0-9]=   8.0   9.0  10.0  11.0  12.0  13.0  14.0  15.0  16.0  17.0
b[1][8][0-9]=   9.0  10.0  11.0  12.0  13.0  14.0  15.0  16.0  17.0  18.0
b[1][9][0-9]=  10.0  11.0  12.0  13.0  14.0  15.0  16.0  17.0  18.0  19.0
b[2][0][0-9]=   2.0   3.0   4.0   5.0   6.0   7.0   8.0   9.0  10.0  11.0
b[2][1][0-9]=   3.0   4.0   5.0   6.0   7.0   8.0   9.0  10.0  11.0  12.0
b[2][2][0-9]=   4.0   5.0   6.0   7.0   8.0   9.0  10.0  11.0  12.0  13.0
b[2][3][0-9]=   5.0   6.0   7.0   8.0   9.0  10.0  11.0  12.0  13.0  14.0
b[2][4][0-9]=   6.0   7.0   8.0   9.0  10.0  11.0  12.0  13.0  14.0  15.0
b[2][5][0-9]=   7.0   8.0   9.0  10.0  11.0  12.0  13.0  14.0  15.0  16.0
b[2][6][0-9]=   8.0   9.0  10.0  11.0  12.0  13.0  14.0  15.0  16.0  17.0
b[2][7][0-9]=   9.0  10.0  11.0  12.0  13.0  14.0  15.0  16.0  17.0  18.0
b[2][8][0-9]=  10.0  11.0  12.0  13.0  14.0  15.0  16.0  17.0  18.0  19.0
b[2][9][0-9]=  11.0  12.0  13.0  14.0  15.0  16.0  17.0  18.0  19.0  20.0
b[3][0][0-9]=   3.0   4.0   5.0   6.0   7.0   8.0   9.0  10.0  11.0  12.0
b[3][1][0-9]=   4.0   5.0   6.0   7.0   8.0   9.0  10.0  11.0  12.0  13.0
b[3][2][0-9]=   5.0   6.0   7.0   8.0   9.0  10.0  11.0  12.0  13.0  14.0
b[3][3][0-9]=   6.0   7.0   8.0   9.0  10.0  11.0  12.0  13.0  14.0  15.0
b[3][4][0-9]=   7.0   8.0   9.0  10.0  11.0  12.0  13.0  14.0  15.0  16.0
b[3][5][0-9]=   8.0   9.0  10.0  11.0  12.0  13.0  14.0  15.0  16.0  17.0
b[3][6][0-9]=   9.0  10.0  11.0  12.0  13.0  14.0  15.0  16.0  17.0  18.0
b[3][7][0-9]=  10.0  11.0  12.0  13.0  14.0  15.0  16.0  17.0  18.0  19.0
b[3][8][0-9]=  11.0  12.0  13.0  14.0  15.0  16.0  17.0  18.0  19.0  20.0
b[3][9][0-9]=  12.0  13.0  14.0  15.0  16.0  17.0  18.0  19.0  20.0  21.0
b[4][0][0-9]=   4.0   5.0   6.0   7.0   8.0   9.0  10.0  11.0  12.0  13.0
b[4][1][0-9]=   5.0   6.0   7.0   8.0   9.0  10.0  11.0  12.0  13.0  14.0
b[4][2][0-9]=   6.0   7.0   8.0   9.0  10.0  11.0  12.0  13.0  14.0  15.0
b[4][3][0-9]=   7.0   8.0   9.0  10.0  11.0  12.0  13.0  14.0  15.0  16.0
b[4][4][0-9]=   8.0   9.0  10.0  11.0  12.0  13.0  14.0  15.0  16.0  17.0
b[4][5][0-9]=   9.0  10.0  11.0  12.0  13.0  14.0  15.0  16.0  17.0  18.0
b[4][6][0-9]=  10.0  11.0  12.0  13.0  14.0  15.0  16.0  17.0  18.0  19.0
b[4][7][0-9]=  11.0  12.0  13.0  14.0  15.0  16.0  17.0  18.0  19.0  20.0
b[4][8][0-9]=  12.0  13.0  14.0  15.0  16.0  17.0  18.0  19.0  20.0  21.0
b[4][9][0-9]=  13.0  14.0  15.0  16.0  17.0  18.0  19.0  20.0  21.0  22.0
b[5][0][0-9]=   5.0   6.0   7.0   8.0   9.0  10.0  11.0  12.0  13.0  14.0
b[5][1][0-9]=   6.0   7.0   8.0   9.0  10.0  11.0  12.0  13.0  14.0  15.0
b[5][2][0-9]=   7.0   8.0   9.0  10.0  11.0  12.0  13.0  14.0  15.0  16.0
b[5][3][0-9]=   8.0   9.0  10.0  11.0  12.0  13.0  14.0  15.0  16.0  17.0
b[5][4][0-9]=   9.0  10.0  11.0  12.0  13.0  14.0  15.0  16.0  17.0  18.0
b[5][5][0-9]=  10.0  11.0  12.0  13.0  14.0  15.0  16.0  17.0  18.0  19.0
b[5][6][0-9]=  11.0  12.0  13.0  14.0  15.0  16.0  17.0  18.0  19.0  20.0
b[5][7][0-9]=  12.0  13.0  14.0  15.0  16.0  17.0  18.0  19.0  20.0  21.0
b[5][8][0-9]=  13.0  14.0  15.0  16.0  17.0  18.0  19.0  20.0  21.0  22.0
b[5][9][0-9]=  14.0  15.0  16.0  17.0  18.0  19.0  20.0  21.0  22.0  23.0
b[6][0][0-9]=   6.0   7.0   8.0   9.0  10.0  11.0  12.0  13.0  14.0  15.0
b[6][1][0-9]=   7.0   8.0   9.0  10.0  11.0  12.0  13.0  14.0  15.0  16.0
b[6][2][0-9]=   8.0   9.0  10.0  11.0  12.0  13.0  14.0  15.0  16.0  17.0
b[6][3][0-9]=   9.0  10.0  11.0  12.0  13.0  14.0  15.0  16.0  17.0  18.0
b[6][4][0-9]=  10.0  11.0  12.0  13.0  14.0  15.0  16.0  17.0  18.0  19.0
b[6][5][0-9]=  11.0  12.0  13.0  14.0  15.0  16.0  17.0  18.0  19.0  20.0
b[6][6][0-9]=  12.0  13.0  14.0  15.0  16.0  17.0  18.0  19.0  20.0  21.0
b[6][7][0-9]=  13.0  14.0  15.0  16.0  17.0  18.0  19.0  20.0  21.0  22.0
b[6][8][0-9]=  14.0  15.0  16.0  17.0  18.0  19.0  20.0  21.0  22.0  23.0
b[6][9][0-9]=  15.0  16.0  17.0  18.0  19.0  20.0  21.0  22.0  23.0  24.0
b[7][0][0-9]=   7.0   8.0   9.0  10.0  11.0  12.0  13.0  14.0  15.0  16.0
b[7][1][0-9]=   8.0   9.0  10.0  11.0  12.0  13.0  14.0  15.0  16.0  17.0
b[7][2][0-9]=   9.0  10.0  11.0  12.0  13.0  14.0  15.0  16.0  17.0  18.0
b[7][3][0-9]=  10.0  11.0  12.0  13.0  14.0  15.0  16.0  17.0  18.0  19.0
b[7][4][0-9]=  11.0  12.0  13.0  14.0  15.0  16.0  17.0  18.0  19.0  20.0
b[7][5][0-9]=  12.0  13.0  14.0  15.0  16.0  17.0  18.0  19.0  20.0  21.0
b[7][6][0-9]=  13.0  14.0  15.0  16.0  17.0  18.0  19.0  20.0  21.0  22.0
b[7][7][0-9]=  14.0  15.0  16.0  17.0  18.0  19.0  20.0  21.0  22.0  23.0
b[7][8][0-9]=  15.0  16.0  17.0  18.0  19.0  20.0  21.0  22.0  23.0  24.0
b[7][9][0-9]=  16.0  17.0  18.0  19.0  20.0  21.0  22.0  23.0  24.0  25.0
b[8][0][0-9]=   8.0   9.0  10.0  11.0  12.0  13.0  14.0  15.0  16.0  17.0
b[8][1][0-9]=   9.0  10.0  11.0  12.0  13.0  14.0  15.0  16.0  17.0  18.0
b[8][2][0-9]=  10.0  11.0  12.0  13.0  14.0  15.0  16.0  17.0  18.0  19.0
b[8][3][0-9]=  11.0  12.0  13.0  14.0  15.0  16.0  17.0  18.0  19.0  20.0
b[8][4][0-9]=  12.0  13.0  14.0  15.0  16.0  17.0  18.0  19.0  20.0  21.0
b[8][5][0-9]=  13.0  14.0  15.0  16.0  17.0  18.0  19.0  20.0  21.0  22.0
b[8][6][0-9]=  14.0  15.0  16.0  17.0  18.0  19.0  20.0  21.0  22.0  23.0
b[8][7][0-9]=  15.0  16.0  17.0  18.0  19.0  20.0  21.0  22.0  23.0  24.0
b[8][8][0-9]=  16.0  17.0  18.0  19.0  20.0  21.0  22.0  23.0  24.0  25.0
b[8][9][0-9]=  17.0  18.0  19.0  20.0  21.0  22.0  23.0  24.0  25.0  26.0
b[9][0][0-9]=   9.0  10.0  11.0  12.0  13.0  14.0  15.0  16.0  17.0  18.0
b[9][1][0-9]=  10.0  11.0  12.0  13.0  14.0  15.0  16.0  17.0  18.0  19.0
b[9][2][0-9]=  11.0  12.0  13.0  14.0  15.0  16.0  17.0  18.0  19.0  20.0
b[9][3][0-9]=  12.0  13.0  14.0  15.0  16.0  17.0  18.0  19.0  20.0  21.0
b[9][4][0-9]=  13.0  14.0  15.0  16.0  17.0  18.0  19.0  20.0  21.0  22.0
b[9][5][0-9]=  14.0  15.0  16.0  17.0  18.0  19.0  20.0  21.0  22.0  23.0
b[9][6][0-9]=  15.0  16.0  17.0  18.0  19.0  20.0  21.0  22.0  23.0  24.0
b[9][7][0-9]=  16.0  17.0  18.0  19.0  20.0  21.0  22.0  23.0  24.0  25.0
b[9][8][0-9]=  17.0  18.0  19.0  20.0  21.0  22.0  23.0  24.0  25.0  26.0
b[9][9][0-9]=  18.0  19.0  20.0  21.0  22.0  23.0  24.0  25.0  26.0  27.0
c[][]=(i+j) 
c[0][0-9]=   0.0   1.0   2.0   3.0   4.0   5.0   6.0   7.0   8.0   9.0
c[1][0-9]=   1.0   2.0   3.0   4.0   5.0   6.0   7.0   8.0   9.0  10.0
c[2][0-9]=   2.0   3.0   4.0   5.0   6.0   7.0   8.0   9.0  10.0  11.0
c[3][0-9]=   3.0   4.0   5.0   6.0   7.0   8.0   9.0  10.0  11.0  12.0
c[4][0-9]=   4.0   5.0   6.0   7.0   8.0   9.0  10.0  11.0  12.0  13.0
c[5][0-9]=   5.0   6.0   7.0   8.0   9.0  10.0  11.0  12.0  13.0  14.0
c[6][0-9]=   6.0   7.0   8.0   9.0  10.0  11.0  12.0  13.0  14.0  15.0
c[7][0-9]=   7.0   8.0   9.0  10.0  11.0  12.0  13.0  14.0  15.0  16.0
c[8][0-9]=   8.0   9.0  10.0  11.0  12.0  13.0  14.0  15.0  16.0  17.0
c[9][0-9]=   9.0  10.0  11.0  12.0  13.0  14.0  15.0  16.0  17.0  18.0
exit 0
