a[0][0]=483.000000 
a[0][1]=-57.000000 
a[0][2]=-84.000000 
a[0][3]=-111.000000 
a[0][4]=-138.000000 
a[0][5]=-165.000000 
a[0][6]=-192.000000 
a[0][7]=-219.000000 
a[0][8]=-246.000000 
a[0][9]=-273.000000 
a[1][0]=375.000000 
a[1][1]=291.000000 
a[1][2]=-66.000000 
a[1][3]=-87.000000 
a[1][4]=-108.000000 
a[1][5]=-129.000000 
a[1][6]=-150.000000 
a[1][7]=-171.000000 
a[1][8]=-192.000000 
a[1][9]=-213.000000 
a[2][0]=267.000000 
a[2][1]=207.000000 
a[2][2]=147.000000 
a[2][3]=-63.000000 
a[2][4]=-78.000000 
a[2][5]=-93.000000 
a[2][6]=-108.000000 
a[2][7]=-123.000000 
a[2][8]=-138.000000 
a[2][9]=-153.000000 
a[3][0]=159.000000 
a[3][1]=123.000000 
a[3][2]=87.000000 
a[3][3]=51.000000 
a[3][4]=-48.000000 
a[3][5]=-57.000000 
a[3][6]=-66.000000 
a[3][7]=-75.000000 
a[3][8]=-84.000000 
a[3][9]=-93.000000 
a[4][0]=51.000000 
a[4][1]=39.000000 
a[4][2]=27.000000 
a[4][3]=15.000000 
a[4][4]=3.000000 
a[4][5]=-21.000000 
a[4][6]=-24.000000 
a[4][7]=-27.000000 
a[4][8]=-30.000000 
a[4][9]=-33.000000 
a[5][0]=-57.000000 
a[5][1]=-45.000000 
a[5][2]=-33.000000 
a[5][3]=-21.000000 
a[5][4]=-9.000000 
a[5][5]=3.000000 
a[5][6]=18.000000 
a[5][7]=21.000000 
a[5][8]=24.000000 
a[5][9]=27.000000 
a[6][0]=-165.000000 
a[6][1]=-129.000000 
a[6][2]=-93.000000 
a[6][3]=-57.000000 
a[6][4]=-21.000000 
a[6][5]=15.000000 
a[6][6]=51.000000 
a[6][7]=69.000000 
a[6][8]=78.000000 
a[6][9]=87.000000 
a[7][0]=-273.000000 
a[7][1]=-213.000000 
a[7][2]=-153.000000 
a[7][3]=-93.000000 
a[7][4]=-33.000000 
a[7][5]=27.000000 
a[7][6]=87.000000 
a[7][7]=147.000000 
a[7][8]=132.000000 
a[7][9]=147.000000 
a[8][0]=-381.000000 
a[8][1]=-297.000000 
a[8][2]=-213.000000 
a[8][3]=-129.000000 
a[8][4]=-45.000000 
a[8][5]=39.000000 
a[8][6]=123.000000 
a[8][7]=207.000000 
a[8][8]=291.000000 
a[8][9]=207.000000 
a[9][0]=-489.000000 
a[9][1]=-381.000000 
a[9][2]=-273.000000 
a[9][3]=-165.000000 
a[9][4]=-57.000000 
a[9][5]=51.000000 
a[9][6]=159.000000 
a[9][7]=267.000000 
a[9][8]=375.000000 
a[9][9]=483.000000 
exit 0
