av[0]=9.000000 
av[1]=8.000000 
av[2]=7.000000 
av[3]=6.000000 
av[4]=5.000000 
av[5]=4.000000 
av[6]=3.000000 
av[7]=2.000000 
av[8]=1.000000 
av[9]=0.000000 
exit 0
