roll[0]=3125.000000 
roll[1]=3125.000000 
roll[2]=3125.000000 
roll[3]=3125.000000 
roll[4]=3125.000000 
roll[5]=3125.000000 
roll[6]=3125.000000 
roll[7]=3125.000000 
roll[8]=3125.000000 
roll[9]=3125.000000 
exit 0
