fd[0] = 21.000000
fd[1] = 20.000000
fd[2] = 17.000000
fd[3] = 16.000000
fd[4] = 13.000000
fd[5] = 12.000000
fd[6] = 9.000000
fd[7] = 8.000000
fd[8] = 5.000000
fd[9] = 4.000000
dd[0] = 11.000000
dd[1] = 10.000000
dd[2] = 11.000000
dd[3] = 10.000000
dd[4] = 11.000000
dd[5] = 10.000000
dd[6] = 11.000000
dd[7] = 10.000000
dd[8] = 11.000000
dd[9] = 10.000000
exit 0
