fd[0] = 2.000000
fd[1] = 17.000000
fd[2] = 4.000000
fd[3] = 27.000000
fd[4] = 6.000000
fd[5] = 29.000000
fd[6] = 8.000000
fd[7] = 23.000000
fd[8] = 10.000000
fd[9] = 9.000000
dd[0] = 2.000000
dd[1] = 17.000000
dd[2] = 4.000000
dd[3] = 27.000000
dd[4] = 6.000000
dd[5] = 29.000000
dd[6] = 8.000000
dd[7] = 23.000000
dd[8] = 10.000000
dd[9] = 9.000000
exit 0
