fd[0] = 10.000000
fd[1] = 9.000000
fd[2] = 24.000000
fd[3] = 21.000000
fd[4] = 30.000000
fd[5] = 25.000000
fd[6] = 28.000000
fd[7] = 21.000000
fd[8] = 18.000000
fd[9] = 9.000000
dd[0] = 10.000000
dd[1] = 9.000000
dd[2] = 24.000000
dd[3] = 21.000000
dd[4] = 30.000000
dd[5] = 25.000000
dd[6] = 28.000000
dd[7] = 21.000000
dd[8] = 18.000000
dd[9] = 9.000000
exit 0
