fd[0] = 1.100000
fd[1] = 1.000000
fd[2] = 1.375000
fd[3] = 3.000000
fd[4] = 1.833333
fd[5] = 5.000000
fd[6] = 2.750000
fd[7] = 7.000000
fd[8] = 5.500000
fd[9] = 9.000000
dd[0] = 1.100000
dd[1] = 1.000000
dd[2] = 1.375000
dd[3] = 3.000000
dd[4] = 1.833333
dd[5] = 5.000000
dd[6] = 2.750000
dd[7] = 7.000000
dd[8] = 5.500000
dd[9] = 9.000000
exit 0
