fd[0] = 11.000000
fd[1] = 1.000000
fd[2] = 25.000000
fd[3] = 3.000000
fd[4] = 31.000000
fd[5] = 5.000000
fd[6] = 29.000000
fd[7] = 7.000000
fd[8] = 19.000000
fd[9] = 9.000000
dd[0] = 11.000000
dd[1] = 1.000000
dd[2] = 25.000000
dd[3] = 3.000000
dd[4] = 31.000000
dd[5] = 5.000000
dd[6] = 29.000000
dd[7] = 7.000000
dd[8] = 19.000000
dd[9] = 9.000000
exit 0
