fd[0] = 1.000000
fd[1] = 7.000000
fd[2] = 3.000000
fd[3] = 3.000000
fd[4] = 5.000000
fd[5] = -1.000000
fd[6] = 7.000000
fd[7] = -5.000000
fd[8] = 9.000000
fd[9] = -9.000000
dd[0] = 1.000000
dd[1] = 7.000000
dd[2] = 3.000000
dd[3] = 3.000000
dd[4] = 5.000000
dd[5] = -1.000000
dd[6] = 7.000000
dd[7] = -5.000000
dd[8] = 9.000000
dd[9] = -9.000000
exit 0
