fd[0] = 11.000000
fd[1] = 17.000000
dd[0] = 11.000000
dd[1] = 17.000000
exit 0
