fd[0] = 11.000000
fd[1] = -2.000000
fd[2] = 25.000000
fd[3] = -4.000000
fd[4] = 31.000000
fd[5] = -6.000000
fd[6] = 29.000000
fd[7] = -8.000000
fd[8] = 19.000000
fd[9] = -10.000000
dd[0] = 11.000000
dd[1] = -2.000000
dd[2] = 25.000000
dd[3] = -4.000000
dd[4] = 31.000000
dd[5] = -6.000000
dd[6] = 29.000000
dd[7] = -8.000000
dd[8] = 19.000000
dd[9] = -10.000000
exit 0
