fd[0] = 1.000000
fd[1] = -2.000000
fd[2] = 1.732051
fd[3] = -4.000000
fd[4] = 2.236068
fd[5] = -6.000000
fd[6] = 2.645751
fd[7] = -8.000000
fd[8] = 3.000000
fd[9] = -10.000000
dd[0] = 1.000000
dd[1] = -2.000000
dd[2] = 1.732051
dd[3] = -4.000000
dd[4] = 2.236068
dd[5] = -6.000000
dd[6] = 2.645751
dd[7] = -8.000000
dd[8] = 3.000000
dd[9] = -10.000000
exit 0
