fd[0] = 2.000000
fd[1] = -0.777778
fd[2] = 4.000000
fd[3] = -0.428571
fd[4] = 6.000000
fd[5] = 0.200000
fd[6] = 8.000000
fd[7] = 1.666667
fd[8] = 10.000000
fd[9] = 9.000000
dd[0] = 2.000000
dd[1] = -0.777778
dd[2] = 4.000000
dd[3] = -0.428571
dd[4] = 6.000000
dd[5] = 0.200000
dd[6] = 8.000000
dd[7] = 1.666667
dd[8] = 10.000000
dd[9] = 9.000000
exit 0
