fd[0] = 1.000000
fd[1] = 2.000000
fd[2] = 3.000000
fd[3] = 4.000000
fd[4] = 1.000000
fd[5] = 2.000000
fd[6] = 3.000000
fd[7] = 4.000000
fd[8] = 1.000000
fd[9] = 2.000000
dd[0] = 1.000000
dd[1] = 2.000000
dd[2] = 4.000000
dd[3] = 0.000000
dd[4] = 1.000000
dd[5] = 2.000000
dd[6] = 4.000000
dd[7] = 0.000000
dd[8] = 1.000000
dd[9] = 2.000000
exit 0
