fd[0] = 1.000000
fd[1] = -1.414214
fd[2] = 3.000000
fd[3] = -2.000000
fd[4] = 5.000000
fd[5] = -2.449490
fd[6] = 7.000000
fd[7] = -2.828427
fd[8] = 9.000000
fd[9] = -3.162278
dd[0] = 1.000000
dd[1] = -1.414214
dd[2] = 3.000000
dd[3] = -2.000000
dd[4] = 5.000000
dd[5] = -2.449490
dd[6] = 7.000000
dd[7] = -2.828427
dd[8] = 9.000000
dd[9] = -3.162278
exit 0
