  test start
a[0] = 4.000000 
a[1] = 4.000000 
a[2] = 4.000000 
a[3] = 4.000000 
a[4] = 4.000000 
a[5] = 0.000000 
a[6] = 0.000000 
a[7] = 0.000000 
a[8] = 0.000000 
a[9] = 0.000000 
  test ended
exit 0
