x = -1.65063; -0.174685 +- 1.54687 i
x = -1.65063; -0.174685 +- 1.54687 i
x = -202.898; -0.00671028 +- 0.133766 i
x = -202.898; -0.00671028 +- 0.133766 i
exit 0
