mmm[9][9][9][9] = 189
mmm[9][9][9][9] = 189
x -----> 13.7229429 
x -----> 13.722943
x -----> 13.7229429 
z = 13.722943
ggg.fff.eee.ddd.ccc.bbb.h[0] = 4
ggg.fff.eee.ddd.ccc.bbb.i[0] = 5
iii.fff.eee.ddd.ccc.bbb.h[0] = 123456789
hhh.fff.eee.ddd.ccc.bbb.h[0] = 123456789
exit 0
