  ***  *** 
a[0]=5.245 , b[0]=2 , c[0]=0.839872
a[1]=5.245 , b[1]=2 , c[1]=0.839872
a[2]=5.245 , b[2]=4.6 , c[2]=0.839872
a[3]=5.245 , b[3]=4.39474 , c[3]=0.839872
a[4]=5.245 , b[4]=4.40569 , c[4]=0.839872
a[5]=5.245 , b[5]=4.40509 , c[5]=0.839872
a[6]=5.245 , b[6]=4.40513 , c[6]=0.839872
a[7]=5.245 , b[7]=4.40512 , c[7]=0.839872
a[8]=5.245 , b[8]=4.40512 , c[8]=0.839872
a[9]=5.245 , b[9]=4.40512 , c[9]=0.839872
a[10]=5.245 , b[10]=4.40512 , c[10]=0.839872
a[11]=5.245 , b[11]=4.40512 , c[11]=0.839872
a[12]=5.245 , b[12]=4.40512 , c[12]=0.839872
a[13]=5.245 , b[13]=4.40512 , c[13]=0.839872
a[14]=5.245 , b[14]=4.40512 , c[14]=0.839872
a[15]=5.245 , b[15]=4.40512 , c[15]=0.839872
a[16]=5.245 , b[16]=4.40512 , c[16]=0.839872
a[17]=5.245 , b[17]=4.40512 , c[17]=0.839872
a[18]=5.245 , b[18]=4.40512 , c[18]=0.839872
a[19]=5.245 , b[19]=4.40512 , c[19]=0.839872
a[20]=5.245 , b[20]=4.40512 , c[20]=0.839872
a[21]=5.245 , b[21]=4.40512 , c[21]=0.839872
a[22]=5.245 , b[22]=4.40512 , c[22]=0.839872
a[23]=5.245 , b[23]=4.40512 , c[23]=0.839872
a[24]=5.245 , b[24]=4.40512 , c[24]=0.839872
a[25]=5.245 , b[25]=4.40512 , c[25]=0.839872
a[26]=5.245 , b[26]=4.40512 , c[26]=0.839872
a[27]=5.245 , b[27]=4.40512 , c[27]=0.839872
a[28]=5.24499 , b[28]=4.40512 , c[28]=0.839873
a[29]=5.24502 , b[29]=4.40512 , c[29]=0.839868
a[30]=5.24483 , b[30]=4.40512 , c[30]=0.839899
a[31]=5.24604 , b[31]=4.40512 , c[31]=0.839704
a[32]=5.23846 , b[32]=4.40512 , c[32]=0.84092
a[33]=5.28615 , b[33]=4.40512 , c[33]=0.833333
a[34]=5 , b[34]=4.40512 , c[34]=0.881025
a[35]=7.40512 , b[35]=2 , c[35]=0.594875
a[36]=1 , b[36]=2 , c[36]=3
a[37]=1 , b[37]=2 , c[37]=3
a[38]=1 , b[38]=2 , c[38]=3
a[39]=1 , b[39]=2 , c[39]=3
exit 0
