  ***  *** 
a[0]=1 , b[0]=2
a[1]=1 , b[1]=-0.333333
a[2]=0.666667 , b[2]=-1.33333
a[3]=0.666667 , b[3]=-2.33333
a[4]=0.666667 , b[4]=-3.33333
a[5]=0.666667 , b[5]=-4.33333
a[6]=0.666667 , b[6]=-5.33333
a[7]=0.666667 , b[7]=-6.33333
a[8]=0.666667 , b[8]=-7.33333
a[9]=0.666667 , b[9]=-8.33333
a[10]=0.666667 , b[10]=-9.33333
a[11]=0.666667 , b[11]=-10.3333
a[12]=0.666667 , b[12]=-11.3333
a[13]=0.666667 , b[13]=-12.3333
a[14]=0.666667 , b[14]=-13.3333
a[15]=0.666667 , b[15]=-14.3333
a[16]=0.666667 , b[16]=-15.3333
a[17]=0.666667 , b[17]=-16.3333
a[18]=0.666667 , b[18]=-17.3333
a[19]=0.666667 , b[19]=-18.3333
a[20]=0.666667 , b[20]=-19.3333
a[21]=0.666667 , b[21]=-20.3333
a[22]=0.666667 , b[22]=-21.3333
a[23]=0.666667 , b[23]=-22.3333
a[24]=0.666667 , b[24]=-23.3333
a[25]=0.666667 , b[25]=-24.3333
a[26]=0.666667 , b[26]=-25.3333
a[27]=0.666667 , b[27]=-26.3333
a[28]=0.666667 , b[28]=-27.3333
a[29]=0.666667 , b[29]=-28.3333
a[30]=0.666667 , b[30]=-29.3333
a[31]=0.666667 , b[31]=-30.3333
a[32]=0.666667 , b[32]=-31.3333
a[33]=0.666667 , b[33]=-32.3333
a[34]=0.666667 , b[34]=2
a[35]=1 , b[35]=2
a[36]=1 , b[36]=2
a[37]=1 , b[37]=2
a[38]=1 , b[38]=2
a[39]=1 , b[39]=2
exit 0
